Date and time (UTC)	Real time (s)	CPU time (s)	CPU (%)	Memory (GB)	Memory (%)	Disk read (GB)	Disk write (GB)
2023-03-02 15:24:48.029498	1.0	0.3	0	0.0	0	0.075	0.0
2023-03-02 15:24:49.032388	2.0	0.6	34	0.1	0	0.112	0.0
2023-03-02 15:24:50.034675	3.0	1.1	44	0.1	0	0.123	0.0
2023-03-02 15:24:51.037989	4.0	1.4	33	0.1	0	0.143	0.0
2023-03-02 15:24:52.041201	5.0	1.7	32	0.1	0	0.168	0.0
2023-03-02 15:24:53.043681	6.0	2.1	35	0.1	0	0.198	0.0
2023-03-02 15:24:54.046035	7.0	2.4	34	0.1	0	0.314	0.0
2023-03-02 15:24:55.048070	8.0	2.9	46	0.2	0	0.32	0.0
2023-03-02 15:24:56.052914	9.0	3.3	39	0.2	0	0.353	0.0
2023-03-02 15:24:57.055302	10.0	3.7	44	0.2	0	0.366	0.0
2023-03-02 15:24:58.057753	11.0	4.2	51	0.2	0	0.373	0.0
2023-03-02 15:24:59.086330	12.1	4.8	53	0.2	0	0.375	0.0
2023-03-02 15:25:00.088321	13.1	5.3	56	0.2	0	0.376	0.0
2023-03-02 15:25:01.090812	14.1	5.9	58	0.2	0	0.377	0.0
2023-03-02 15:25:02.093173	15.1	6.4	51	0.2	0	0.378	0.0
2023-03-02 15:25:03.095668	16.1	6.9	51	0.2	0	0.383	0.0
2023-03-02 15:25:04.098243	17.1	7.4	51	0.2	0	0.385	0.0
2023-03-02 15:25:05.100665	18.1	7.9	49	0.2	0	0.386	0.0
2023-03-02 15:25:06.113729	19.1	8.5	52	0.2	0	0.387	0.0
2023-03-02 15:25:07.116181	20.1	9.0	52	0.2	0	0.391	0.0
2023-03-02 15:25:08.118329	21.1	9.5	52	0.2	0	0.396	0.0
2023-03-02 15:25:09.120751	22.1	10.0	48	0.2	0	0.41	0.0
2023-03-02 15:25:10.123121	23.1	10.5	51	0.2	0	0.41	0.0
2023-03-02 15:25:11.125623	24.1	11.0	53	0.2	0	0.412	0.0
2023-03-02 15:25:12.128102	25.1	11.5	49	0.2	0	0.418	0.0
2023-03-02 15:25:13.130544	26.1	12.0	49	0.2	0	0.419	0.0
2023-03-02 15:25:14.132763	27.1	12.5	48	0.2	0	0.42	0.0
2023-03-02 15:25:15.135206	28.1	12.9	44	0.2	0	0.425	0.0
2023-03-02 15:25:16.137603	29.1	13.4	48	0.2	0	0.43	0.0
2023-03-02 15:25:17.140026	30.1	13.9	50	0.2	0	0.435	0.0
2023-03-02 15:25:18.142420	31.1	14.4	52	0.2	0	0.436	0.0
2023-03-02 15:25:19.144958	32.1	14.8	43	0.2	0	0.448	0.0
2023-03-02 15:25:20.147295	33.1	15.3	46	0.2	0	0.451	0.0
2023-03-02 15:25:21.149708	34.1	15.8	51	0.2	0	0.455	0.0
2023-03-02 15:25:22.152221	35.1	16.3	49	0.2	0	0.457	0.0
2023-03-02 15:25:23.154591	36.1	16.8	50	0.2	0	0.463	0.0
2023-03-02 15:25:24.157022	37.1	17.4	56	0.2	0	0.47	0.0
2023-03-02 15:25:25.159496	38.1	17.8	45	0.2	0	0.476	0.0
2023-03-02 15:25:26.161919	39.1	18.3	49	0.2	0	0.477	0.0
2023-03-02 15:25:27.164351	40.1	18.8	51	0.2	0	0.48	0.0
2023-03-02 15:25:28.166780	41.1	19.3	52	0.2	0	0.485	0.0
2023-03-02 15:25:29.168727	42.1	19.8	49	0.2	0	0.486	0.0
2023-03-02 15:25:30.171267	43.1	20.3	48	0.2	0	0.493	0.0
2023-03-02 15:25:31.173729	44.1	20.9	58	0.2	0	0.496	0.0
2023-03-02 15:25:32.176142	45.2	21.5	58	0.2	0	0.497	0.0
2023-03-02 15:25:33.178240	46.2	22.0	52	0.2	0	0.497	0.0
2023-03-02 15:25:34.180711	47.2	22.7	71	0.2	0	0.501	0.0
2023-03-02 15:25:35.183043	48.2	23.3	58	0.2	0	0.501	0.0
2023-03-02 15:25:36.185438	49.2	23.9	59	0.2	0	0.503	0.0
2023-03-02 15:25:37.187925	50.2	24.4	54	0.2	0	0.51	0.0
2023-03-02 15:25:38.190429	51.2	24.9	51	0.2	0	0.511	0.0
2023-03-02 15:25:39.192770	52.2	25.5	53	0.2	0	0.517	0.0
2023-03-02 15:25:40.195206	53.2	25.9	49	0.2	0	0.518	0.0
2023-03-02 15:25:41.199036	54.2	26.5	54	0.2	0	0.524	0.0
2023-03-02 15:25:42.201439	55.2	27.0	49	0.2	0	0.529	0.0
2023-03-02 15:25:43.211670	56.2	27.6	57	0.2	0	0.535	0.0
2023-03-02 15:25:44.216424	57.2	28.1	51	0.2	0	0.54	0.0
2023-03-02 15:25:45.218338	58.2	28.6	54	0.2	0	0.543	0.0
2023-03-02 15:25:46.220678	59.2	29.1	46	0.2	0	0.548	0.0
2023-03-02 15:25:47.222991	60.2	29.6	55	0.2	0	0.552	0.0
2023-03-02 15:25:48.225112	61.2	30.1	50	0.2	0	0.556	0.0
2023-03-02 15:25:49.227639	62.2	30.6	51	0.2	0	0.56	0.0
2023-03-02 15:25:50.230419	63.2	31.2	54	0.2	0	0.568	0.0
2023-03-02 15:25:51.232817	64.2	31.7	55	0.2	0	0.572	0.0
2023-03-02 15:25:52.235328	65.2	32.2	48	0.2	0	0.579	0.0
2023-03-02 15:25:53.238562	66.2	32.7	52	0.2	0	0.58	0.0
2023-03-02 15:25:54.241024	67.2	33.3	59	0.2	0	0.591	0.0
2023-03-02 15:25:55.244400	68.2	33.8	55	0.2	0	0.591	0.0
2023-03-02 15:25:56.246862	69.2	34.4	52	0.2	0	0.595	0.0
2023-03-02 15:25:57.258578	70.2	34.8	47	0.2	0	0.595	0.0
2023-03-02 15:25:58.261023	71.2	35.4	51	0.2	0	0.602	0.0
2023-03-02 15:25:59.263512	72.2	35.9	53	0.2	0	0.607	0.0
2023-03-02 15:26:00.265990	73.2	36.4	50	0.2	0	0.609	0.0
2023-03-02 15:26:01.268331	74.2	36.9	51	0.2	0	0.615	0.0
2023-03-02 15:26:02.290643	75.3	37.4	46	0.2	0	0.616	0.0
2023-03-02 15:26:03.293185	76.3	37.9	52	0.2	0	0.621	0.0
2023-03-02 15:26:04.295612	77.3	38.4	49	0.2	0	0.622	0.0
2023-03-02 15:26:05.298045	78.3	38.9	51	0.2	0	0.632	0.0
2023-03-02 15:26:06.300477	79.3	39.4	53	0.2	0	0.636	0.0
2023-03-02 15:26:07.302916	80.3	40.0	56	0.2	0	0.636	0.0
2023-03-02 15:26:08.305328	81.3	40.6	62	0.2	0	0.644	0.0
2023-03-02 15:26:09.308077	82.3	41.2	57	0.2	0	0.649	0.0
2023-03-02 15:26:10.310449	83.3	41.7	54	0.2	0	0.653	0.0
2023-03-02 15:26:11.312680	84.3	42.2	52	0.2	0	0.657	0.0
2023-03-02 15:26:12.315137	85.3	42.8	52	0.2	0	0.661	0.0
2023-03-02 15:26:13.317959	86.3	43.2	50	0.2	0	0.67	0.0
2023-03-02 15:26:14.320376	87.3	43.7	49	0.2	0	0.676	0.0
2023-03-02 15:26:15.323347	88.3	44.1	41	0.2	0	0.683	0.0
2023-03-02 15:26:16.334548	89.3	44.6	49	0.2	0	0.689	0.0
2023-03-02 15:26:17.337125	90.3	45.1	46	0.2	0	0.695	0.0
2023-03-02 15:26:18.339606	91.3	45.6	51	0.2	0	0.698	0.0
2023-03-02 15:26:19.342023	92.3	46.1	50	0.2	0	0.703	0.0
2023-03-02 15:26:20.344446	93.3	46.6	49	0.2	0	0.71	0.0
2023-03-02 15:26:21.346947	94.3	47.1	52	0.2	0	0.715	0.0
2023-03-02 15:26:22.349420	95.3	47.6	45	0.2	0	0.723	0.0
2023-03-02 15:26:23.351871	96.3	48.1	51	0.2	0	0.727	0.0
2023-03-02 15:26:24.354331	97.3	48.6	50	0.2	0	0.731	0.0
2023-03-02 15:26:25.356758	98.3	49.1	48	0.2	0	0.738	0.0
2023-03-02 15:26:26.358313	99.3	49.6	49	0.2	0	0.743	0.0
2023-03-02 15:26:27.360614	100.3	50.1	51	0.2	0	0.748	0.0
2023-03-02 15:26:28.362858	101.3	50.6	50	0.2	0	0.753	0.0
2023-03-02 15:26:29.365304	102.3	51.0	47	0.2	0	0.759	0.0
2023-03-02 15:26:30.369138	103.3	51.5	51	0.2	0	0.764	0.0
2023-03-02 15:26:31.371603	104.3	52.0	49	0.2	0	0.766	0.0
2023-03-02 15:26:32.374108	105.3	52.6	52	0.2	0	0.772	0.0
2023-03-02 15:26:33.376587	106.4	53.1	55	0.2	0	0.778	0.0
2023-03-02 15:26:34.378332	107.4	53.6	45	0.2	0	0.784	0.0
2023-03-02 15:26:35.380938	108.4	54.0	45	0.2	0	0.792	0.0
2023-03-02 15:26:36.383389	109.4	54.5	53	0.2	0	0.797	0.0
2023-03-02 15:26:37.385644	110.4	55.0	51	0.2	0	0.801	0.0
2023-03-02 15:26:38.388281	111.4	55.5	48	0.2	0	0.805	0.0
2023-03-02 15:26:39.390736	112.4	56.0	49	0.2	0	0.814	0.0
2023-03-02 15:26:40.393129	113.4	56.5	53	0.2	0	0.821	0.0
2023-03-02 15:26:41.395316	114.4	57.1	58	0.2	0	0.826	0.0
2023-03-02 15:26:42.397780	115.4	57.6	49	0.2	0	0.831	0.0
2023-03-02 15:26:43.400265	116.4	58.1	53	0.2	0	0.835	0.0
2023-03-02 15:26:44.402856	117.4	58.6	44	0.2	0	0.894	0.0
2023-03-02 15:26:45.405274	118.4	59.1	52	0.2	0	0.902	0.0
2023-03-02 15:26:46.407815	119.4	59.6	51	0.2	0	0.907	0.0
2023-03-02 15:26:47.410232	120.4	60.1	50	0.2	0	0.909	0.0
2023-03-02 15:26:48.412977	121.4	60.6	50	0.2	0	0.919	0.0
2023-03-02 15:26:49.420329	122.4	61.1	50	0.2	0	0.926	0.0
2023-03-02 15:26:50.422760	123.4	61.6	48	0.2	0	0.932	0.0
2023-03-02 15:26:51.425224	124.4	62.1	53	0.2	0	0.935	0.0
2023-03-02 15:26:52.428438	125.4	62.7	53	0.2	0	0.944	0.0
2023-03-02 15:26:53.430944	126.4	63.2	50	0.2	0	0.944	0.0
2023-03-02 15:26:54.433409	127.4	63.7	51	0.2	0	0.95	0.0
2023-03-02 15:26:55.435800	128.4	64.2	53	0.2	0	0.955	0.0
2023-03-02 15:26:56.438249	129.4	64.7	50	0.2	0	0.961	0.0
2023-03-02 15:26:57.445113	130.4	65.2	51	0.2	0	0.966	0.0
2023-03-02 15:26:58.447813	131.4	65.8	54	0.2	0	0.976	0.0
2023-03-02 15:26:59.450174	132.4	66.2	47	0.2	0	0.983	0.0
2023-03-02 15:27:00.469536	133.4	66.7	47	0.2	0	0.992	0.0
2023-03-02 15:27:01.471905	134.4	67.2	53	0.2	0	0.996	0.0
2023-03-02 15:27:02.474335	135.4	67.8	52	0.2	0	0.998	0.0
2023-03-02 15:27:03.477083	136.5	67.9	13	0.2	0	1.004	0.0
2023-03-02 15:27:04.481580	137.5	68.3	38	0.3	0	1.022	0.0
2023-03-02 15:27:05.484212	138.5	68.8	54	0.3	0	1.025	0.0
2023-03-02 15:27:06.486662	139.5	69.3	51	0.3	0	1.025	0.001
2023-03-02 15:27:07.488169	140.5	69.8	51	0.3	0	1.029	0.001
2023-03-02 15:27:08.490470	141.5	70.3	50	0.3	0	1.029	0.001
2023-03-02 15:27:09.492894	142.5	70.8	46	0.3	0	1.03	0.001
2023-03-02 15:27:10.495320	143.5	71.2	40	0.3	0	1.034	0.002
2023-03-02 15:27:11.498105	144.5	71.6	47	0.3	0	1.036	0.002
2023-03-02 15:27:12.500540	145.5	72.1	49	0.3	0	1.039	0.002
2023-03-02 15:27:13.503253	146.5	72.6	47	0.3	0	1.042	0.002
2023-03-02 15:27:14.505670	147.5	73.1	46	0.3	0	1.045	0.003
2023-03-02 15:27:15.508180	148.5	73.6	49	0.3	0	1.051	0.003
2023-03-02 15:27:16.510704	149.5	74.0	48	0.3	0	1.055	0.003
2023-03-02 15:27:17.512574	150.5	74.6	53	0.3	0	1.055	0.003
2023-03-02 15:27:18.515248	151.5	75.0	45	0.3	0	1.059	0.003
2023-03-02 15:27:19.517747	152.5	75.5	48	0.4	0	1.063	0.004
2023-03-02 15:27:20.520313	153.5	76.0	48	0.4	0	1.065	0.004
2023-03-02 15:27:21.522719	154.5	76.4	46	0.4	0	1.069	0.004
2023-03-02 15:27:22.525096	155.5	76.9	48	0.4	0	1.071	0.004
2023-03-02 15:27:23.527580	156.5	77.4	52	0.4	0	1.077	0.005
2023-03-02 15:27:24.530073	157.5	77.9	49	0.4	0	1.082	0.005
2023-03-02 15:27:25.532517	158.5	78.4	51	0.4	0	1.086	0.005
2023-03-02 15:27:26.534916	159.5	78.9	47	0.4	0	1.086	0.006
2023-03-02 15:27:27.537618	160.5	79.4	45	0.4	0	1.089	0.006
2023-03-02 15:27:28.540036	161.5	79.9	50	0.4	0	1.092	0.006
2023-03-02 15:27:29.542486	162.5	80.3	47	0.4	0	1.096	0.006
2023-03-02 15:27:30.544947	163.5	80.8	44	0.4	0	1.105	0.007
2023-03-02 15:27:31.547669	164.5	80.9	17	0.3	0	1.111	0.007
2023-03-02 15:27:32.550159	165.5	81.1	17	0.2	0	1.118	0.007
2023-03-02 15:27:33.571881	166.5	81.1	1	0.2	0	1.121	0.007
2023-03-02 15:27:34.574349	167.6	81.1	1	0.2	0	1.13	0.007
2023-03-02 15:27:35.576807	168.6	81.1	1	0.2	0	1.132	0.007
2023-03-02 15:27:36.578959	169.6	81.1	1	0.2	0	1.137	0.007
