Date and time (UTC)	Real time (s)	CPU time (s)	CPU (%)	Memory (GB)	Memory (%)	Disk read (GB)	Disk write (GB)
2023-03-04 00:06:48.732023	1.0	0.1	0	0.0	0	0.179	0.0
2023-03-04 00:06:49.734291	2.0	0.2	9	0.0	0	0.237	0.0
2023-03-04 00:06:50.736555	3.0	0.3	10	0.1	0	0.24	0.0
2023-03-04 00:06:51.741471	4.0	0.4	10	0.1	0	0.242	0.0
2023-03-04 00:06:52.743806	5.0	0.5	9	0.3	0	0.242	0.0
2023-03-04 00:06:53.745976	6.0	0.6	9	0.2	0	0.286	0.0
2023-03-04 00:06:54.748299	7.0	0.6	9	0.3	0	0.286	0.0
2023-03-04 00:06:55.750863	8.0	0.7	10	0.3	0	0.286	0.0
2023-03-04 00:06:56.753272	9.0	0.8	9	0.3	0	0.286	0.0
2023-03-04 00:06:57.755778	10.0	0.9	10	0.3	0	0.286	0.0
2023-03-04 00:06:58.768321	11.0	1.0	9	0.3	0	0.286	0.0
2023-03-04 00:06:59.799536	12.1	1.1	10	0.3	0	0.286	0.0
2023-03-04 00:07:00.877853	13.1	1.2	10	0.3	0	0.287	0.0
2023-03-04 00:07:01.888860	14.2	1.3	10	0.3	0	0.287	0.0
2023-03-04 00:07:02.891541	15.2	1.4	9	0.4	0	0.287	0.0
2023-03-04 00:07:03.916381	16.2	1.5	10	0.4	0	0.287	0.0
2023-03-04 00:07:04.949140	17.2	1.6	10	0.5	0	0.287	0.0
2023-03-04 00:07:05.981891	18.3	1.7	10	0.6	0	0.287	0.0
2023-03-04 00:07:06.990353	19.3	1.8	9	0.4	0	0.287	0.0
2023-03-04 00:07:08.030095	20.3	1.9	10	0.4	0	0.287	0.0
2023-03-04 00:07:09.093111	21.4	2.0	9	0.4	0	0.288	0.0
2023-03-04 00:07:10.125261	22.4	2.1	10	0.5	0	0.288	0.0
2023-03-04 00:07:11.197088	23.5	2.2	10	0.5	0	0.289	0.0
2023-03-04 00:07:12.259494	24.5	2.3	9	0.6	0	0.289	0.0
2023-03-04 00:07:13.298138	25.6	2.4	10	0.4	0	0.29	0.0
2023-03-04 00:07:14.318812	26.6	2.5	9	0.4	0	0.29	0.0
2023-03-04 00:07:15.421949	27.7	2.6	10	0.4	0	0.291	0.0
2023-03-04 00:07:16.466814	28.7	2.7	9	0.4	0	0.292	0.0
2023-03-04 00:07:17.514653	29.8	2.8	10	0.4	0	0.292	0.0
2023-03-04 00:07:18.522312	30.8	2.9	7	0.5	0	0.293	0.0
2023-03-04 00:07:19.532450	31.8	3.0	11	0.2	0	0.447	0.02
2023-03-04 00:07:20.539304	32.8	3.1	9	0.3	0	0.447	0.02
2023-03-04 00:07:21.554002	33.8	3.2	11	0.3	0	0.449	0.02
2023-03-04 00:07:22.675760	35.0	3.3	8	0.4	0	0.45	0.02
2023-03-04 00:07:23.727837	36.0	3.4	10	0.4	0	0.45	0.02
2023-03-04 00:07:24.812160	37.1	3.5	8	0.4	0	0.451	0.02
2023-03-04 00:07:25.882172	38.2	3.6	11	0.4	0	0.451	0.02
2023-03-04 00:07:26.907977	39.2	3.7	8	0.4	0	0.451	0.02
2023-03-04 00:07:27.914478	40.2	3.8	11	0.4	0	0.451	0.02
2023-03-04 00:07:28.917157	41.2	3.9	10	0.4	0	0.451	0.02
2023-03-04 00:07:29.919858	42.2	4.0	10	0.4	0	0.451	0.02
2023-03-04 00:07:30.928350	43.2	4.1	10	0.5	0	0.451	0.02
2023-03-04 00:07:31.955224	44.2	4.2	10	0.5	0	0.451	0.02
2023-03-04 00:07:32.964998	45.2	4.3	9	0.5	0	0.451	0.02
2023-03-04 00:07:33.967541	46.2	4.4	9	0.5	0	0.451	0.02
2023-03-04 00:07:34.972803	47.2	4.5	10	0.6	0	0.451	0.02
2023-03-04 00:07:36.006664	48.3	4.6	10	0.7	0	0.451	0.02
2023-03-04 00:07:37.064536	49.3	4.7	9	0.7	0	0.451	0.02
2023-03-04 00:07:38.071626	50.3	4.8	10	0.7	0	0.451	0.02
2023-03-04 00:07:39.074322	51.3	4.8	9	0.5	0	0.451	0.02
2023-03-04 00:07:40.094622	52.4	4.9	9	0.5	0	0.451	0.02
2023-03-04 00:07:41.218095	53.5	5.0	10	0.6	0	0.451	0.02
2023-03-04 00:07:42.251976	54.5	5.1	10	0.6	0	0.451	0.02
2023-03-04 00:07:43.267205	55.5	5.2	10	0.7	0	0.451	0.02
2023-03-04 00:07:44.269520	56.5	5.3	10	0.7	0	0.451	0.02
2023-03-04 00:07:45.275102	57.5	5.4	9	0.7	0	0.451	0.02
2023-03-04 00:07:46.317246	58.6	5.5	10	0.8	0	0.451	0.02
2023-03-04 00:07:47.336881	59.6	5.6	9	0.8	0	0.451	0.02
2023-03-04 00:07:48.344162	60.6	5.7	10	0.4	0	0.451	0.02
2023-03-04 00:07:49.358804	61.6	5.8	10	0.5	0	0.452	0.02
2023-03-04 00:07:50.409638	62.7	5.9	10	0.5	0	0.452	0.02
2023-03-04 00:07:51.419629	63.7	6.0	10	0.5	0	0.452	0.02
2023-03-04 00:07:52.441533	64.7	6.1	9	0.5	0	0.452	0.02
2023-03-04 00:07:53.464379	65.7	6.2	10	0.5	0	0.452	0.02
2023-03-04 00:07:54.473007	66.7	6.3	9	0.4	0	0.452	0.04
2023-03-04 00:07:55.489287	67.8	6.4	9	0.2	0	0.467	0.04
2023-03-04 00:07:56.520691	68.8	6.5	11	0.2	0	0.467	0.04
2023-03-04 00:07:57.537127	69.8	6.6	10	0.2	0	0.467	0.04
2023-03-04 00:07:58.541887	70.8	6.7	9	0.2	0	0.467	0.04
2023-03-04 00:07:59.544547	71.8	6.8	9	0.2	0	0.467	0.06
2023-03-04 00:08:00.547223	72.8	6.9	10	0.2	0	0.467	0.06
2023-03-04 00:08:01.549946	73.8	7.0	10	0.2	0	0.483	0.06
2023-03-04 00:08:02.551888	74.8	7.1	10	0.2	0	0.483	0.06
2023-03-04 00:08:03.554611	75.8	7.2	9	0.2	0	0.483	0.06
2023-03-04 00:08:04.560812	76.8	7.3	10	0.2	0	0.483	0.06
2023-03-04 00:08:05.563288	77.8	7.4	9	0.2	0	0.483	0.08
2023-03-04 00:08:06.579273	78.9	7.5	9	0.2	0	0.483	0.08
2023-03-04 00:08:07.583865	79.9	7.6	10	0.2	0	0.501	0.08
2023-03-04 00:08:08.586611	80.9	7.7	10	0.2	0	0.501	0.08
2023-03-04 00:08:09.589364	81.9	7.8	9	0.3	0	0.501	0.08
2023-03-04 00:08:10.591933	82.9	7.8	10	0.3	0	0.501	0.08
2023-03-04 00:08:11.594630	83.9	7.9	9	0.2	0	0.501	0.101
2023-03-04 00:08:12.597375	84.9	8.0	10	0.2	0	0.501	0.101
2023-03-04 00:08:13.602905	85.9	8.1	9	0.2	0	0.517	0.101
2023-03-04 00:08:14.607203	86.9	8.2	10	0.2	0	0.517	0.101
2023-03-04 00:08:15.609900	87.9	8.3	9	0.2	0	0.517	0.101
2023-03-04 00:08:16.611935	88.9	8.4	10	0.3	0	0.517	0.101
2023-03-04 00:08:17.632052	89.9	8.5	10	0.2	0	0.517	0.121
2023-03-04 00:08:18.634913	90.9	8.6	10	0.2	0	0.517	0.121
2023-03-04 00:08:19.637614	91.9	8.7	9	0.2	0	0.533	0.121
2023-03-04 00:08:20.640326	92.9	8.8	9	0.2	0	0.533	0.121
2023-03-04 00:08:21.646128	93.9	8.9	10	0.2	0	0.533	0.121
2023-03-04 00:08:22.654063	94.9	9.0	10	0.3	0	0.533	0.121
2023-03-04 00:08:23.658723	95.9	9.1	9	0.2	0	0.533	0.121
2023-03-04 00:08:24.664688	96.9	9.2	9	0.2	0	0.534	0.141
2023-03-04 00:08:25.692137	98.0	9.3	9	0.2	0	0.534	0.141
2023-03-04 00:08:26.711115	99.0	9.4	10	0.2	0	0.551	0.141
2023-03-04 00:08:27.740630	100.0	9.5	11	0.2	0	0.551	0.141
2023-03-04 00:08:28.764014	101.0	9.6	9	0.3	0	0.551	0.141
2023-03-04 00:08:29.784384	102.1	9.7	11	0.2	0	0.551	0.141
2023-03-04 00:08:30.807355	103.1	9.8	9	0.2	0	0.551	0.161
2023-03-04 00:08:31.817067	104.1	9.9	10	0.2	0	0.551	0.161
2023-03-04 00:08:32.819677	105.1	10.0	11	0.2	0	0.567	0.161
2023-03-04 00:08:33.822280	106.1	10.1	10	0.3	0	0.567	0.161
2023-03-04 00:08:34.825855	107.1	10.2	11	0.3	0	0.567	0.161
2023-03-04 00:08:35.832426	108.1	10.3	10	0.2	0	0.567	0.161
2023-03-04 00:08:36.840299	109.1	10.4	11	0.2	0	0.567	0.181
2023-03-04 00:08:37.844493	110.1	10.5	12	0.2	0	0.583	0.181
2023-03-04 00:08:38.847041	111.1	10.6	12	0.2	0	0.583	0.181
2023-03-04 00:08:39.855064	112.1	10.8	12	0.3	0	0.583	0.181
2023-03-04 00:08:40.860725	113.1	10.9	12	0.2	0	0.583	0.181
2023-03-04 00:08:41.884099	114.2	11.0	13	0.2	0	0.583	0.201
2023-03-04 00:08:42.892670	115.2	11.1	12	0.2	0	0.6	0.201
2023-03-04 00:08:43.900318	116.2	11.2	12	0.2	0	0.6	0.201
2023-03-04 00:08:44.906966	117.2	11.4	13	0.3	0	0.6	0.201
2023-03-04 00:08:45.934493	118.2	11.5	12	0.2	0	0.601	0.201
2023-03-04 00:08:46.959508	119.2	11.6	13	0.2	0	0.602	0.221
2023-03-04 00:08:47.972580	120.2	11.8	12	0.2	0	0.619	0.221
2023-03-04 00:08:48.998993	121.3	11.9	11	0.2	0	0.619	0.221
2023-03-04 00:08:50.009867	122.3	12.0	10	0.2	0	0.619	0.221
2023-03-04 00:08:51.023703	123.3	12.1	10	0.3	0	0.619	0.221
2023-03-04 00:08:52.044035	124.3	12.2	9	0.2	0	0.621	0.221
2023-03-04 00:08:53.063854	125.3	12.3	12	0.2	0	0.622	0.242
2023-03-04 00:08:54.095501	126.4	12.4	10	0.2	0	0.638	0.242
2023-03-04 00:08:55.119423	127.4	12.5	10	0.2	0	0.64	0.242
2023-03-04 00:08:56.155237	128.4	12.6	9	0.3	0	0.64	0.242
2023-03-04 00:08:57.192057	129.5	12.7	10	0.3	0	0.64	0.242
2023-03-04 00:08:58.204959	130.5	12.8	10	0.2	0	0.64	0.242
2023-03-04 00:08:59.208405	131.5	12.8	9	0.2	0	0.641	0.262
2023-03-04 00:09:00.217896	132.5	12.9	10	0.2	0	0.642	0.262
2023-03-04 00:09:01.228356	133.5	13.0	9	0.2	0	0.665	0.262
2023-03-04 00:09:02.261325	134.5	13.1	10	0.2	0	0.666	0.262
2023-03-04 00:09:03.292549	135.6	13.2	10	0.2	0	0.666	0.262
2023-03-04 00:09:04.305068	136.6	13.3	9	0.3	0	0.667	0.262
2023-03-04 00:09:05.310703	137.6	13.4	9	0.6	0	0.667	0.262
2023-03-04 00:09:06.333151	138.6	13.5	10	0.2	0	0.667	0.282
2023-03-04 00:09:07.353457	139.6	13.6	9	0.2	0	0.667	0.282
2023-03-04 00:09:08.360860	140.6	13.7	11	0.2	0	0.683	0.282
2023-03-04 00:09:09.399903	141.7	13.8	9	0.3	0	0.684	0.282
2023-03-04 00:09:10.408403	142.7	13.9	10	0.3	0	0.684	0.282
2023-03-04 00:09:11.411332	143.7	14.0	10	0.2	0	0.685	0.282
2023-03-04 00:09:12.415021	144.7	14.1	10	0.2	0	0.686	0.302
2023-03-04 00:09:13.545917	145.8	14.2	9	0.2	0	0.686	0.302
2023-03-04 00:09:14.554225	146.8	14.3	10	0.2	0	0.704	0.302
2023-03-04 00:09:15.571397	147.8	14.4	10	0.2	0	0.704	0.302
2023-03-04 00:09:16.577645	148.9	14.5	9	0.2	0	0.704	0.302
2023-03-04 00:09:17.591152	149.9	14.6	10	0.3	0	0.705	0.302
2023-03-04 00:09:18.654481	150.9	14.7	8	0.2	0	0.705	0.302
2023-03-04 00:09:19.666388	151.9	14.8	11	0.2	0	0.706	0.322
2023-03-04 00:09:20.669365	152.9	14.9	9	0.4	0	0.706	0.322
2023-03-04 00:09:21.673545	153.9	15.0	10	0.2	0	0.725	0.322
2023-03-04 00:09:22.683090	155.0	15.1	10	0.3	0	0.725	0.322
2023-03-04 00:09:23.711877	156.0	15.2	10	0.3	0	0.725	0.322
2023-03-04 00:09:24.754838	157.0	15.3	9	0.2	0	0.725	0.322
2023-03-04 00:09:25.838092	158.1	15.4	9	0.2	0	0.726	0.342
2023-03-04 00:09:26.852524	159.1	15.5	10	0.2	0	0.726	0.342
2023-03-04 00:09:27.885939	160.2	15.6	10	0.2	0	0.745	0.342
2023-03-04 00:09:28.907641	161.2	15.7	10	0.2	0	0.745	0.342
2023-03-04 00:09:29.923841	162.2	15.8	10	0.2	0	0.745	0.342
2023-03-04 00:09:30.939724	163.2	15.9	9	0.3	0	0.745	0.342
2023-03-04 00:09:31.955977	164.2	15.9	8	0.2	0	0.76	0.354
2023-03-04 00:09:32.995270	165.3	16.1	11	0.2	0	0.76	0.362
2023-03-04 00:09:34.045466	166.3	16.1	9	0.2	0	0.765	0.362
2023-03-04 00:09:35.130058	167.4	16.2	10	0.2	0	0.781	0.362
2023-03-04 00:09:36.208522	168.5	16.4	9	0.2	0	0.782	0.362
2023-03-04 00:09:37.221706	169.5	16.4	10	0.3	0	0.782	0.362
2023-03-04 00:09:38.227255	170.5	16.5	9	0.2	0	0.782	0.362
2023-03-04 00:09:39.308281	171.6	16.6	10	0.2	0	0.787	0.382
2023-03-04 00:09:40.419654	172.7	16.8	10	0.2	0	0.789	0.382
2023-03-04 00:09:41.450548	173.7	16.9	10	0.2	0	0.813	0.382
2023-03-04 00:09:42.476099	174.8	16.9	10	0.2	0	0.813	0.382
2023-03-04 00:09:43.511494	175.8	17.1	10	0.2	0	0.813	0.382
2023-03-04 00:09:44.547901	176.8	17.1	10	0.3	0	0.813	0.382
2023-03-04 00:09:45.574908	177.8	17.2	8	0.4	0	0.815	0.382
2023-03-04 00:09:46.617171	178.9	17.3	11	0.2	0	0.817	0.403
2023-03-04 00:09:47.624452	179.9	17.4	10	0.2	0	0.817	0.403
2023-03-04 00:09:48.659572	180.9	17.5	9	0.2	0	0.836	0.403
2023-03-04 00:09:49.702980	182.0	17.6	10	0.2	0	0.837	0.403
2023-03-04 00:09:50.712145	183.0	17.7	10	0.2	0	0.837	0.403
2023-03-04 00:09:51.714757	184.0	17.8	10	0.3	0	0.837	0.403
2023-03-04 00:09:52.716916	185.0	17.9	8	0.2	0	0.837	0.423
2023-03-04 00:09:53.719468	186.0	18.0	11	0.2	0	0.837	0.423
2023-03-04 00:09:54.753328	187.0	18.1	9	0.2	0	0.857	0.423
2023-03-04 00:09:55.784192	188.1	18.2	10	0.2	0	0.857	0.423
2023-03-04 00:09:56.816573	189.1	18.3	10	0.2	0	0.857	0.423
2023-03-04 00:09:57.853230	190.1	18.4	10	0.3	0	0.857	0.423
2023-03-04 00:09:58.887011	191.2	18.5	9	0.2	0	0.859	0.423
2023-03-04 00:09:59.899220	192.2	18.6	11	0.2	0	0.859	0.443
2023-03-04 00:10:00.933526	193.2	18.7	10	0.2	0	0.86	0.443
2023-03-04 00:10:01.971863	194.2	18.8	9	0.2	0	0.881	0.443
2023-03-04 00:10:02.982994	195.3	18.9	8	0.2	0	0.881	0.443
2023-03-04 00:10:04.040091	196.3	19.0	10	0.2	0	0.881	0.443
2023-03-04 00:10:05.069601	197.3	19.1	10	0.3	0	0.882	0.443
2023-03-04 00:10:06.111016	198.4	19.2	9	0.2	0	0.883	0.463
2023-03-04 00:10:07.163052	199.4	19.3	9	0.2	0	0.884	0.463
2023-03-04 00:10:08.197020	200.5	19.4	9	0.2	0	0.888	0.463
2023-03-04 00:10:09.234655	201.5	19.5	10	0.2	0	0.903	0.463
2023-03-04 00:10:10.267595	202.5	19.6	10	0.2	0	0.903	0.463
2023-03-04 00:10:11.279902	203.6	19.7	10	0.3	0	0.904	0.463
2023-03-04 00:10:12.316371	204.6	19.8	10	0.2	0	0.904	0.463
2023-03-04 00:10:13.360031	205.6	19.9	10	0.2	0	0.904	0.483
2023-03-04 00:10:14.393854	206.7	20.0	10	0.2	0	0.904	0.483
2023-03-04 00:10:15.449708	207.7	20.1	10	0.2	0	0.923	0.483
2023-03-04 00:10:16.501493	208.8	20.2	10	0.3	0	0.923	0.483
2023-03-04 00:10:17.564868	209.8	20.3	8	0.3	0	0.923	0.483
2023-03-04 00:10:18.594306	210.9	20.4	10	0.2	0	0.923	0.483
2023-03-04 00:10:19.596088	211.9	20.5	9	0.2	0	0.923	0.503
2023-03-04 00:10:20.598788	212.9	20.6	10	0.2	0	0.923	0.503
2023-03-04 00:10:21.601442	213.9	20.7	10	0.2	0	0.938	0.503
2023-03-04 00:10:22.604178	214.9	20.8	11	0.2	0	0.938	0.503
2023-03-04 00:10:23.606937	215.9	20.9	12	0.3	0	0.938	0.503
2023-03-04 00:10:24.609709	216.9	21.0	11	0.2	0	0.938	0.503
2023-03-04 00:10:25.625273	217.9	21.1	12	0.2	0	0.939	0.523
2023-03-04 00:10:26.657372	218.9	21.2	10	0.2	0	0.941	0.523
2023-03-04 00:10:27.677752	220.0	21.4	13	0.2	0	0.965	0.523
2023-03-04 00:10:28.713929	221.0	21.5	11	0.2	0	0.965	0.523
2023-03-04 00:10:29.721581	222.0	21.6	14	0.3	0	0.965	0.523
2023-03-04 00:10:30.724187	223.0	21.7	12	0.2	0	0.965	0.544
2023-03-04 00:10:31.726792	224.0	21.9	12	0.2	0	0.965	0.544
2023-03-04 00:10:32.730548	225.0	22.0	13	0.2	0	0.984	0.544
2023-03-04 00:10:33.749179	226.0	22.1	14	0.2	0	0.984	0.544
2023-03-04 00:10:34.763235	227.0	22.3	14	0.2	0	0.984	0.544
2023-03-04 00:10:35.774541	228.0	22.4	12	0.2	0	0.986	0.564
2023-03-04 00:10:36.817369	229.1	22.5	11	0.2	0	0.987	0.564
