Date and time (UTC)	Real time (s)	CPU time (s)	CPU (%)	Memory (GB)	Memory (%)	Disk read (GB)	Disk write (GB)
2023-03-04 00:14:31.821663	1.0	0.0	0	0.0	0	0.0	0.0
2023-03-04 00:14:32.843624	2.0	0.1	6	0.0	0	0.074	0.0
2023-03-04 00:14:33.851663	3.0	0.1	8	0.0	0	0.132	0.0
2023-03-04 00:14:34.870730	4.1	0.2	2	0.0	0	0.132	0.0
2023-03-04 00:14:35.876192	5.1	0.2	2	0.0	0	0.132	0.0
2023-03-04 00:14:36.879343	6.1	0.2	5	0.0	0	0.135	0.0
2023-03-04 00:14:37.883208	7.1	0.5	25	0.2	0	0.137	0.0
2023-03-04 00:14:39.184762	8.4	1.0	43	0.6	0	0.205	0.0
2023-03-04 00:14:40.336861	9.5	1.6	51	0.8	0	0.256	0.0
2023-03-04 00:14:41.375262	10.6	2.1	47	0.9	0	0.288	0.0
2023-03-04 00:14:42.741608	11.9	2.8	56	1.0	1	0.323	0.0
2023-03-04 00:14:43.773628	13.0	3.5	62	1.3	1	0.334	0.0
2023-03-04 00:14:44.782824	14.0	4.0	47	1.6	1	0.339	0.0
2023-03-04 00:14:45.802448	15.0	4.5	49	1.6	1	0.339	0.0
2023-03-04 00:14:46.836091	16.0	5.0	48	1.7	1	0.34	0.0
2023-03-04 00:14:47.855427	17.0	5.5	49	1.7	1	0.34	0.0
2023-03-04 00:14:48.880623	18.1	6.0	50	1.8	1	0.34	0.0
2023-03-04 00:14:49.902519	19.1	6.6	50	1.9	1	0.34	0.0
2023-03-04 00:14:50.910754	20.1	7.1	50	1.9	1	0.34	0.0
2023-03-04 00:14:51.998003	21.2	7.6	49	2.0	1	0.34	0.0
2023-03-04 00:14:53.022606	22.2	8.1	48	2.0	1	0.341	0.0
2023-03-04 00:14:54.042875	23.2	8.6	48	2.1	1	0.341	0.0
2023-03-04 00:14:55.132995	24.3	9.1	50	2.2	1	0.341	0.0
2023-03-04 00:14:56.174877	25.4	9.6	50	2.2	1	0.341	0.0
2023-03-04 00:14:57.237697	26.4	10.2	52	2.3	1	0.341	0.0
2023-03-04 00:14:58.273447	27.5	10.7	50	2.3	1	0.341	0.0
2023-03-04 00:14:59.300303	28.5	11.2	53	2.4	1	0.341	0.0
2023-03-04 00:15:00.323082	29.5	11.8	51	2.5	1	0.341	0.0
2023-03-04 00:15:01.343195	30.5	12.3	53	2.5	1	0.342	0.0
2023-03-04 00:15:02.373520	31.6	12.8	52	2.6	1	0.342	0.0
2023-03-04 00:15:03.381957	32.6	13.4	49	2.7	1	0.342	0.0
2023-03-04 00:15:04.384824	33.6	14.0	61	2.7	1	0.342	0.0
2023-03-04 00:15:05.387447	34.6	14.5	56	2.8	1	0.342	0.0
2023-03-04 00:15:06.389909	35.6	15.0	51	2.9	2	0.342	0.0
2023-03-04 00:15:07.392490	36.6	15.5	50	2.9	2	0.342	0.0
2023-03-04 00:15:08.395012	37.6	16.1	55	3.4	2	0.342	0.0
2023-03-04 00:15:09.423460	38.6	16.6	54	4.1	2	0.342	0.0
2023-03-04 00:15:10.487127	39.7	17.2	55	4.6	2	0.342	0.0
2023-03-04 00:15:11.529451	40.7	17.8	55	4.9	3	0.342	0.0
2023-03-04 00:15:12.731949	41.9	18.6	77	5.5	3	0.342	0.0
2023-03-04 00:15:13.755139	42.9	19.5	73	3.0	2	0.343	0.0
2023-03-04 00:15:14.758876	43.9	20.0	50	3.1	2	0.343	0.0
2023-03-04 00:15:15.761499	44.9	20.4	49	3.3	2	0.343	0.0
2023-03-04 00:15:16.764765	45.9	21.1	62	3.5	2	0.343	0.0
2023-03-04 00:15:17.767366	47.0	21.6	51	3.7	2	0.343	0.0
2023-03-04 00:15:18.769952	48.0	22.1	50	3.9	2	0.343	0.0
2023-03-04 00:15:19.779629	49.0	22.6	51	4.1	2	0.343	0.0
2023-03-04 00:15:20.845563	50.0	23.2	55	4.3	2	0.343	0.0
2023-03-04 00:15:21.882373	51.1	23.7	49	4.5	2	0.343	0.0
2023-03-04 00:15:22.888522	52.1	24.3	58	4.7	3	0.344	0.0
2023-03-04 00:15:23.892740	53.1	24.9	59	4.9	3	0.344	0.0
2023-03-04 00:15:24.986941	54.2	25.6	72	5.2	3	0.344	0.0
2023-03-04 00:15:26.070298	55.2	26.3	65	5.5	3	0.344	0.0
2023-03-04 00:15:27.208592	56.4	27.0	60	4.5	2	0.345	0.0
2023-03-04 00:15:28.224095	57.4	27.6	54	2.1	1	0.345	0.0
2023-03-04 00:15:29.229483	58.4	28.1	50	2.8	1	0.345	0.0
2023-03-04 00:15:30.235852	59.4	28.6	53	3.1	2	0.345	0.0
2023-03-04 00:15:31.242643	60.4	29.2	55	3.1	2	0.345	0.0
2023-03-04 00:15:32.248999	61.4	29.7	50	3.0	2	0.345	0.0
2023-03-04 00:15:33.255558	62.4	30.2	50	3.1	2	0.345	0.0
2023-03-04 00:15:34.262179	63.4	30.7	52	3.0	2	0.345	0.0
2023-03-04 00:15:35.268647	64.5	31.2	49	3.1	2	0.345	0.0
2023-03-04 00:15:36.274951	65.5	31.7	49	3.1	2	0.345	0.0
2023-03-04 00:15:37.281239	66.5	32.2	57	3.1	2	0.345	0.0
2023-03-04 00:15:38.283928	67.5	32.8	52	0.3	0	0.345	0.0
2023-03-04 00:15:39.286559	68.5	33.2	44	0.4	0	0.484	0.185
2023-03-04 00:15:40.289143	69.5	33.7	52	0.5	0	0.484	0.185
2023-03-04 00:15:41.291717	70.5	34.2	49	0.6	0	0.484	0.185
2023-03-04 00:15:42.294294	71.5	34.7	50	0.9	0	0.484	0.185
2023-03-04 00:15:43.296915	72.5	35.2	54	0.8	0	0.484	0.185
2023-03-04 00:15:44.299626	73.5	35.8	52	0.7	0	0.484	0.185
2023-03-04 00:15:45.301787	74.5	36.3	50	0.7	0	0.484	0.185
2023-03-04 00:15:46.304377	75.5	36.7	47	0.4	0	0.484	0.335
2023-03-04 00:15:47.306977	76.5	37.2	49	0.6	0	0.484	0.369
2023-03-04 00:15:48.309506	77.5	37.7	49	0.5	0	0.623	0.369
2023-03-04 00:15:49.311750	78.5	38.3	55	0.6	0	0.623	0.369
2023-03-04 00:15:50.314355	79.5	38.8	50	0.6	0	0.623	0.369
2023-03-04 00:15:51.316877	80.5	39.3	50	0.7	0	0.623	0.369
2023-03-04 00:15:52.319406	81.5	39.8	51	0.9	0	0.623	0.369
2023-03-04 00:15:53.382818	82.6	40.3	49	0.7	0	0.624	0.369
2023-03-04 00:15:54.403475	83.6	40.8	49	0.4	0	0.624	0.369
2023-03-04 00:15:55.406028	84.6	41.3	53	0.4	0	0.624	0.554
2023-03-04 00:15:56.408479	85.6	41.8	50	0.4	0	0.624	0.554
2023-03-04 00:15:57.411034	86.6	42.3	48	0.5	0	0.762	0.554
2023-03-04 00:15:58.413613	87.6	42.8	51	0.6	0	0.762	0.554
2023-03-04 00:15:59.416215	88.6	43.3	51	0.8	0	0.762	0.554
2023-03-04 00:16:00.418735	89.6	43.8	49	0.7	0	0.762	0.554
2023-03-04 00:16:01.421359	90.6	44.3	54	0.6	0	0.762	0.554
2023-03-04 00:16:02.423924	91.6	44.9	51	0.7	0	0.762	0.554
2023-03-04 00:16:03.427689	92.6	45.3	48	0.4	0	0.762	0.579
2023-03-04 00:16:04.447602	93.6	45.8	49	0.5	0	0.762	0.738
2023-03-04 00:16:05.476596	94.7	46.3	42	0.4	0	0.867	0.738
2023-03-04 00:16:06.493413	95.7	46.9	58	0.5	0	0.867	0.738
2023-03-04 00:16:07.500636	96.7	47.4	51	0.6	0	0.867	0.738
2023-03-04 00:16:08.522721	97.7	47.9	51	0.9	0	0.868	0.738
2023-03-04 00:16:09.535611	98.7	48.4	50	0.8	0	0.868	0.738
2023-03-04 00:16:10.557848	99.7	48.9	53	0.7	0	0.868	0.738
2023-03-04 00:16:11.569192	100.8	49.4	49	0.7	0	0.868	0.738
2023-03-04 00:16:12.579818	101.8	49.9	50	0.4	0	0.869	0.923
2023-03-04 00:16:13.610481	102.8	50.5	54	0.7	0	0.869	0.923
2023-03-04 00:16:14.637018	103.8	51.0	51	0.5	0	0.975	0.923
2023-03-04 00:16:15.679261	104.9	51.5	52	0.6	0	0.975	0.923
2023-03-04 00:16:16.727888	105.9	52.1	52	0.7	0	0.976	0.923
2023-03-04 00:16:17.737139	106.9	52.6	54	0.7	0	0.976	0.923
2023-03-04 00:16:18.739715	107.9	53.2	59	0.6	0	0.976	0.923
2023-03-04 00:16:19.742266	108.9	53.8	52	0.7	0	0.976	0.923
2023-03-04 00:16:20.744850	109.9	54.2	47	0.4	0	0.976	1.015
2023-03-04 00:16:21.791176	111.0	54.7	51	0.5	0	0.977	1.107
2023-03-04 00:16:22.840158	112.0	55.2	43	0.5	0	1.029	1.107
2023-03-04 00:16:23.853846	113.0	55.7	50	0.6	0	1.029	1.107
2023-03-04 00:16:24.856562	114.0	56.3	58	0.6	0	1.029	1.107
2023-03-04 00:16:25.859136	115.0	56.8	53	0.7	0	1.029	1.107
2023-03-04 00:16:26.882700	116.1	57.3	50	0.9	0	1.029	1.107
2023-03-04 00:16:27.912930	117.1	57.8	48	0.7	0	1.03	1.107
2023-03-04 00:16:28.924767	118.1	58.3	49	0.5	0	1.03	1.107
2023-03-04 00:16:29.927340	119.1	58.9	61	0.4	0	1.03	1.292
2023-03-04 00:16:30.964753	120.1	59.4	48	0.4	0	1.095	1.292
2023-03-04 00:16:31.978101	121.2	60.0	55	0.5	0	1.095	1.292
2023-03-04 00:16:33.009444	122.2	60.5	52	0.6	0	1.095	1.292
2023-03-04 00:16:34.037869	123.2	61.0	52	0.8	0	1.096	1.292
2023-03-04 00:16:35.052603	124.2	61.6	56	0.8	0	1.096	1.292
2023-03-04 00:16:36.055336	125.2	62.2	55	0.7	0	1.096	1.292
2023-03-04 00:16:37.057853	126.2	62.7	50	0.5	0	1.096	1.292
2023-03-04 00:16:38.060441	127.2	63.0	35	0.4	0	1.096	1.476
2023-03-04 00:16:39.091178	128.3	63.5	49	0.7	0	1.096	1.476
2023-03-04 00:16:40.122067	129.3	64.0	51	0.5	0	1.187	1.476
2023-03-04 00:16:41.134201	130.3	64.6	51	0.6	0	1.187	1.476
2023-03-04 00:16:42.161139	131.3	65.1	52	0.7	0	1.187	1.476
2023-03-04 00:16:43.186349	132.4	65.7	54	0.7	0	1.187	1.476
2023-03-04 00:16:44.246165	133.4	66.2	50	0.5	0	1.187	1.476
2023-03-04 00:16:45.256812	134.4	66.8	57	0.7	0	1.187	1.476
2023-03-04 00:16:46.263177	135.4	67.3	52	0.4	0	1.187	1.578
2023-03-04 00:16:47.269429	136.5	67.8	51	0.5	0	1.187	1.661
2023-03-04 00:16:48.303035	137.5	68.2	45	0.5	0	1.32	1.661
2023-03-04 00:16:49.315770	138.5	68.8	50	0.6	0	1.32	1.661
2023-03-04 00:16:50.362040	139.5	69.4	58	0.6	0	1.32	1.661
2023-03-04 00:16:51.391338	140.6	69.9	56	0.7	0	1.321	1.661
2023-03-04 00:16:52.430196	141.6	70.5	51	0.9	0	1.321	1.661
2023-03-04 00:16:53.524399	142.7	71.0	51	0.7	0	1.322	1.661
2023-03-04 00:16:54.537693	143.7	71.5	50	0.4	0	1.322	1.661
2023-03-04 00:16:55.550858	144.7	72.0	46	0.4	0	1.324	1.845
2023-03-04 00:16:56.588336	145.8	72.6	56	0.5	0	1.466	1.845
2023-03-04 00:16:57.601488	146.8	73.1	51	0.6	0	1.467	1.845
2023-03-04 00:16:58.647177	147.8	73.8	66	0.6	0	1.467	1.845
2023-03-04 00:16:59.683193	148.9	74.3	47	0.7	0	1.469	1.845
2023-03-04 00:17:00.697550	149.9	74.8	51	0.9	0	1.469	1.845
2023-03-04 00:17:01.705029	150.9	75.3	54	0.7	0	1.469	1.845
2023-03-04 00:17:02.710501	151.9	75.9	58	0.4	0	1.469	1.845
2023-03-04 00:17:03.712722	152.9	76.4	46	0.4	0	1.469	2.03
2023-03-04 00:17:04.758401	153.9	76.9	49	0.4	0	1.597	2.03
2023-03-04 00:17:05.887062	155.1	77.4	51	0.5	0	1.612	2.03
2023-03-04 00:17:06.905012	156.1	78.0	55	0.6	0	1.612	2.03
2023-03-04 00:17:07.922558	157.1	78.6	56	0.6	0	1.612	2.03
2023-03-04 00:17:08.946657	158.1	79.1	51	0.8	0	1.612	2.03
2023-03-04 00:17:09.980691	159.2	79.7	53	0.7	0	1.612	2.03
2023-03-04 00:17:11.006452	160.2	80.2	49	0.5	0	1.613	2.03
2023-03-04 00:17:12.017750	161.2	80.6	43	0.4	0	1.676	2.214
2023-03-04 00:17:13.040032	162.2	81.2	58	0.4	0	1.678	2.214
2023-03-04 00:17:14.052971	163.2	81.7	52	0.5	0	1.817	2.214
2023-03-04 00:17:15.075117	164.3	82.2	50	0.6	0	1.817	2.214
2023-03-04 00:17:16.126746	165.3	82.8	52	0.9	0	1.819	2.214
2023-03-04 00:17:17.154689	166.3	83.3	48	0.8	0	1.819	2.214
2023-03-04 00:17:18.160929	167.3	83.9	60	0.7	0	1.819	2.214
2023-03-04 00:17:19.163000	168.3	84.4	53	0.4	0	1.819	2.214
2023-03-04 00:17:20.165369	169.3	84.9	47	0.4	0	1.819	2.399
2023-03-04 00:17:21.199891	170.4	85.4	51	0.7	0	1.819	2.399
2023-03-04 00:17:22.236490	171.4	85.9	46	0.5	0	1.961	2.399
2023-03-04 00:17:23.264164	172.4	86.4	51	0.6	0	1.962	2.399
2023-03-04 00:17:24.270812	173.5	87.1	63	0.8	0	1.962	2.399
2023-03-04 00:17:25.272886	174.5	87.6	52	0.7	0	1.962	2.399
2023-03-04 00:17:26.298257	175.5	88.1	48	0.5	0	1.962	2.399
2023-03-04 00:17:27.309509	176.5	88.6	50	0.7	0	1.962	2.399
2023-03-04 00:17:28.313572	177.5	89.1	50	0.4	0	1.994	2.425
2023-03-04 00:17:29.336103	178.5	89.6	48	0.5	0	1.995	2.583
2023-03-04 00:17:30.386603	179.6	90.0	39	0.4	0	2.115	2.583
2023-03-04 00:17:31.397623	180.6	90.5	55	0.5	0	2.192	2.583
2023-03-04 00:17:32.403900	181.6	91.1	58	0.6	0	2.192	2.583
2023-03-04 00:17:33.410162	182.6	91.6	49	0.9	0	2.192	2.583
2023-03-04 00:17:34.459975	183.6	92.2	53	0.8	0	2.192	2.583
2023-03-04 00:17:35.471211	184.7	92.7	49	0.7	0	2.192	2.583
2023-03-04 00:17:36.473827	185.7	93.2	54	0.4	0	2.192	2.583
2023-03-04 00:17:37.476444	186.7	93.8	57	0.4	0	2.192	2.768
2023-03-04 00:17:38.535886	187.7	94.3	55	0.9	0	2.192	2.768
2023-03-04 00:17:39.581596	188.8	94.9	53	0.5	0	2.337	2.768
2023-03-04 00:17:40.587762	189.8	95.7	78	0.6	0	2.337	2.768
2023-03-04 00:17:41.594308	190.8	96.4	72	0.7	0	2.337	2.768
2023-03-04 00:17:42.607053	191.8	97.4	94	0.7	0	2.337	2.768
2023-03-04 00:17:43.610864	192.8	98.1	78	0.4	0	2.338	2.952
2023-03-04 00:17:44.631159	193.8	99.0	83	0.5	0	2.481	2.952
2023-03-04 00:17:45.660564	194.8	99.9	92	0.6	0	2.482	2.952
2023-03-04 00:17:46.675729	195.9	100.8	84	0.7	0	2.483	2.952
2023-03-04 00:17:47.684313	196.9	101.7	94	0.7	0	2.484	2.952
2023-03-04 00:17:48.690556	197.9	102.6	89	0.4	0	2.484	3.137
2023-03-04 00:17:49.700923	198.9	103.4	74	0.4	0	2.629	3.137
2023-03-04 00:17:50.711095	199.9	104.3	95	0.6	0	2.63	3.137
2023-03-04 00:17:51.732131	200.9	105.2	85	0.7	0	2.631	3.137
2023-03-04 00:17:52.747493	201.9	106.1	91	0.7	0	2.632	3.137
2023-03-04 00:17:53.752368	202.9	107.0	81	0.4	0	2.632	3.259
2023-03-04 00:17:54.821369	204.0	107.6	62	0.7	0	2.632	3.321
2023-03-04 00:17:55.839814	205.0	108.2	56	0.5	0	2.778	3.321
2023-03-04 00:17:56.851238	206.0	108.8	62	0.6	0	2.778	3.321
2023-03-04 00:17:57.892439	207.1	109.5	62	0.9	0	2.778	3.321
2023-03-04 00:17:58.933997	208.1	110.1	65	0.9	0	2.779	3.321
2023-03-04 00:17:59.948742	209.1	110.8	62	0.7	0	2.779	3.321
2023-03-04 00:18:00.956901	210.1	111.3	53	1.1	1	2.78	3.321
2023-03-04 00:18:01.959472	211.1	111.8	52	0.5	0	2.78	3.506
2023-03-04 00:18:02.981138	212.2	112.4	57	0.5	0	2.927	3.506
2023-03-04 00:18:03.990868	213.2	113.0	60	0.6	0	2.927	3.506
2023-03-04 00:18:05.066210	214.2	113.7	64	0.7	0	2.929	3.506
2023-03-04 00:18:06.081811	215.3	114.3	58	0.7	0	2.929	3.506
2023-03-04 00:18:07.093855	216.3	114.9	63	0.7	0	2.931	3.506
2023-03-04 00:18:08.097759	217.3	115.5	62	0.5	0	2.931	3.506
2023-03-04 00:18:09.100285	218.3	116.0	51	0.4	0	2.931	3.69
2023-03-04 00:18:10.122035	219.3	116.7	62	0.4	0	2.999	3.69
2023-03-04 00:18:11.190713	220.4	117.3	59	0.5	0	3.14	3.69
2023-03-04 00:18:12.202239	221.4	118.0	63	0.6	0	3.14	3.69
2023-03-04 00:18:13.213646	222.4	118.5	60	0.7	0	3.142	3.69
2023-03-04 00:18:14.231898	223.4	119.1	59	0.9	0	3.142	3.69
2023-03-04 00:18:15.258074	224.4	119.8	63	0.7	0	3.143	3.69
2023-03-04 00:18:16.262914	225.4	120.4	56	0.4	0	3.143	3.833
2023-03-04 00:18:17.302300	226.5	121.0	59	0.7	0	3.145	3.875
2023-03-04 00:18:18.327789	227.5	121.6	56	0.5	0	3.29	3.875
2023-03-04 00:18:19.360233	228.5	122.2	65	0.6	0	3.291	3.875
2023-03-04 00:18:20.383721	229.6	122.9	62	0.8	0	3.291	3.875
2023-03-04 00:18:21.390534	230.6	123.5	65	0.9	0	3.291	3.875
2023-03-04 00:18:22.394797	231.6	124.1	60	0.7	0	3.292	3.875
2023-03-04 00:18:23.404457	232.6	124.7	56	0.4	0	3.292	3.891
2023-03-04 00:18:24.461643	233.6	125.4	68	0.7	0	3.293	4.06
2023-03-04 00:18:25.481061	234.7	125.9	47	0.5	0	3.483	4.06
2023-03-04 00:18:26.489579	235.7	126.5	65	0.6	0	3.483	4.06
2023-03-04 00:18:27.521469	236.7	127.2	64	0.8	0	3.485	4.06
2023-03-04 00:18:28.565567	237.7	127.8	60	0.8	0	3.485	4.06
2023-03-04 00:18:29.585843	238.8	128.5	66	0.7	0	3.486	4.06
2023-03-04 00:18:30.594838	239.8	129.1	59	0.4	0	3.486	4.06
2023-03-04 00:18:31.597405	240.8	129.6	50	0.4	0	3.487	4.244
2023-03-04 00:18:32.645307	241.8	130.1	47	0.4	0	3.531	4.244
2023-03-04 00:18:33.678151	242.9	130.6	49	0.5	0	3.716	4.244
2023-03-04 00:18:34.766361	243.9	131.3	70	0.6	0	3.716	4.244
2023-03-04 00:18:35.794299	245.0	132.1	66	0.7	0	3.719	4.244
2023-03-04 00:18:36.882433	246.1	132.7	59	0.8	0	3.721	4.244
2023-03-04 00:18:37.919247	247.1	133.3	56	0.7	0	3.723	4.244
2023-03-04 00:18:38.958768	248.1	133.9	56	0.4	0	3.793	4.34
2023-03-04 00:18:39.980352	249.2	134.4	49	0.5	0	3.802	4.429
2023-03-04 00:18:40.994144	250.2	134.8	47	0.4	0	4.001	4.429
2023-03-04 00:18:42.008051	251.2	135.3	50	0.5	0	4.004	4.429
2023-03-04 00:18:43.021694	252.2	136.0	61	0.6	0	4.004	4.429
2023-03-04 00:18:44.036011	253.2	136.6	61	0.6	0	4.006	4.429
2023-03-04 00:18:45.076918	254.3	137.2	64	0.9	0	4.006	4.429
2023-03-04 00:18:46.089911	255.3	137.8	59	0.7	0	4.007	4.429
2023-03-04 00:18:47.094815	256.3	138.4	53	0.7	0	4.007	4.429
2023-03-04 00:18:48.204899	257.4	139.0	60	0.5	0	4.007	4.613
2023-03-04 00:18:49.263888	258.4	139.5	47	0.5	0	4.155	4.613
2023-03-04 00:18:50.300209	259.5	140.2	64	0.6	0	4.156	4.613
2023-03-04 00:18:51.397285	260.6	140.9	65	0.8	0	4.159	4.613
2023-03-04 00:18:52.404047	261.6	141.5	56	0.7	0	4.16	4.613
2023-03-04 00:18:53.406808	262.6	142.1	61	0.7	0	4.161	4.613
2023-03-04 00:18:54.546233	263.7	142.6	45	0.7	0	4.166	4.613
2023-03-04 00:18:55.580881	264.8	143.1	52	0.4	0	4.229	4.714
2023-03-04 00:18:56.718291	265.9	143.6	39	0.4	0	4.249	4.798
2023-03-04 00:18:57.757373	266.9	144.0	42	0.4	0	4.257	4.798
2023-03-04 00:18:58.809386	268.0	144.6	53	0.5	0	4.458	4.798
2023-03-04 00:18:59.848930	269.0	145.3	66	0.6	0	4.458	4.798
2023-03-04 00:19:00.856399	270.0	145.9	59	0.6	0	4.46	4.798
2023-03-04 00:19:01.884501	271.1	146.4	57	0.8	0	4.46	4.798
2023-03-04 00:19:02.891997	272.1	147.1	61	0.7	0	4.461	4.798
2023-03-04 00:19:03.894858	273.1	147.7	59	0.4	0	4.463	4.798
2023-03-04 00:19:04.901631	274.1	148.1	42	0.4	0	4.469	4.982
2023-03-04 00:19:05.911468	275.1	148.5	42	0.7	0	4.474	4.982
