Date and time (UTC)	Real time (s)	CPU time (s)	CPU (%)	Memory (GB)	Memory (%)	Disk read (GB)	Disk write (GB)
2023-03-02 08:37:39.549777	1.0	0.0	0	0.0	0	0.0	0.0
2023-03-02 08:37:40.553131	2.0	0.0	1	0.0	0	0.001	0.0
2023-03-02 08:37:41.556787	3.0	0.1	5	0.0	0	0.086	0.0
2023-03-02 08:37:42.559277	4.0	0.1	4	0.0	0	0.149	0.0
2023-03-02 08:37:43.562473	5.0	0.1	1	0.0	0	0.149	0.0
2023-03-02 08:37:44.564808	6.1	0.1	1	0.0	0	0.149	0.0
2023-03-02 08:37:45.568595	7.1	0.1	2	0.0	0	0.149	0.0
2023-03-02 08:37:46.571487	8.1	0.1	0	0.0	0	0.149	0.0
2023-03-02 08:37:47.573887	9.1	0.2	2	0.0	0	0.149	0.0
2023-03-02 08:37:48.576319	10.1	0.2	1	0.0	0	0.149	0.0
2023-03-02 08:37:49.588190	11.1	0.3	12	0.1	0	0.15	0.0
2023-03-02 08:37:50.590243	12.1	0.4	11	0.2	0	0.15	0.0
2023-03-02 08:37:51.592573	13.1	0.5	12	0.3	0	0.15	0.0
2023-03-02 08:37:52.594813	14.1	0.7	15	0.3	0	0.15	0.0
2023-03-02 08:37:53.597107	15.1	0.8	14	0.3	0	0.15	0.0
2023-03-02 08:37:54.599363	16.1	0.9	13	0.3	0	0.15	0.0
2023-03-02 08:37:55.601319	17.1	1.1	15	0.4	0	0.15	0.0
2023-03-02 08:37:56.603608	18.1	1.2	14	0.4	0	0.15	0.0
2023-03-02 08:37:57.605629	19.1	1.4	13	0.4	0	0.15	0.0
2023-03-02 08:37:58.607949	20.1	1.5	15	0.5	0	0.15	0.0
2023-03-02 08:37:59.610164	21.1	1.6	14	0.4	0	0.15	0.0
2023-03-02 08:38:00.612155	22.1	1.8	13	0.4	0	0.15	0.0
2023-03-02 08:38:01.614857	23.1	1.9	15	0.5	0	0.15	0.0
2023-03-02 08:38:02.618176	24.1	2.1	13	0.5	0	0.15	0.0
2023-03-02 08:38:03.752166	25.2	2.2	13	0.6	0	0.15	0.0
2023-03-02 08:38:04.785052	26.3	2.4	14	0.4	0	0.151	0.0
2023-03-02 08:38:05.811677	27.3	2.5	13	0.4	0	0.151	0.0
2023-03-02 08:38:06.817856	28.3	2.6	14	0.4	0	0.154	0.0
2023-03-02 08:38:07.821854	29.3	2.8	13	0.2	0	0.194	0.02
2023-03-02 08:38:08.829588	30.3	2.9	14	0.3	0	0.2	0.02
2023-03-02 08:38:09.835541	31.3	3.0	14	0.4	0	0.2	0.02
2023-03-02 08:38:10.838877	32.3	3.2	13	0.4	0	0.2	0.02
2023-03-02 08:38:11.851397	33.3	3.3	13	0.4	0	0.201	0.02
2023-03-02 08:38:12.872656	34.4	3.4	12	0.4	0	0.201	0.02
2023-03-02 08:38:13.887512	35.4	3.5	13	0.4	0	0.201	0.02
2023-03-02 08:38:14.899480	36.4	3.7	12	0.4	0	0.201	0.02
2023-03-02 08:38:15.953821	37.4	3.8	12	0.4	0	0.201	0.02
2023-03-02 08:38:17.088315	38.6	3.9	12	0.5	0	0.201	0.02
2023-03-02 08:38:18.105057	39.6	4.0	12	0.5	0	0.202	0.02
2023-03-02 08:38:19.173762	40.7	4.2	12	0.5	0	0.202	0.02
2023-03-02 08:38:20.203706	41.7	4.3	12	0.6	0	0.204	0.02
2023-03-02 08:38:21.215706	42.7	4.4	12	0.7	0	0.204	0.02
2023-03-02 08:38:22.226219	43.7	4.6	13	0.8	0	0.204	0.02
2023-03-02 08:38:23.240803	44.7	4.7	12	0.5	0	0.205	0.02
2023-03-02 08:38:24.271098	45.8	4.8	12	0.6	0	0.205	0.02
2023-03-02 08:38:25.287928	46.8	4.9	13	0.6	0	0.206	0.02
2023-03-02 08:38:26.299582	47.8	5.1	12	0.6	0	0.206	0.02
2023-03-02 08:38:27.307082	48.8	5.2	12	0.7	0	0.206	0.02
2023-03-02 08:38:28.312867	49.8	5.3	12	0.7	0	0.206	0.02
2023-03-02 08:38:29.321882	50.8	5.4	11	0.8	0	0.206	0.02
2023-03-02 08:38:30.329615	51.8	5.5	12	0.3	0	0.208	0.02
2023-03-02 08:38:31.366182	52.9	5.7	14	0.5	0	0.208	0.02
2023-03-02 08:38:32.386847	53.9	5.8	11	0.5	0	0.209	0.02
2023-03-02 08:38:33.393241	54.9	5.9	13	0.5	0	0.209	0.02
2023-03-02 08:38:34.397482	55.9	6.0	11	0.5	0	0.209	0.02
2023-03-02 08:38:35.401250	56.9	6.1	13	0.2	0	0.209	0.02
2023-03-02 08:38:36.404337	57.9	6.2	11	0.2	0	0.225	0.04
2023-03-02 08:38:37.407873	58.9	6.4	13	0.2	0	0.225	0.04
2023-03-02 08:38:38.410301	59.9	6.5	13	0.2	0	0.225	0.04
2023-03-02 08:38:39.412901	60.9	6.6	11	0.2	0	0.226	0.059
2023-03-02 08:38:40.416696	61.9	6.8	13	0.2	0	0.226	0.06
2023-03-02 08:38:41.419884	62.9	6.9	13	0.2	0	0.242	0.06
2023-03-02 08:38:42.474786	64.0	7.0	12	0.2	0	0.242	0.06
2023-03-02 08:38:43.485774	65.0	7.1	13	0.2	0	0.242	0.06
2023-03-02 08:38:44.491393	66.0	7.2	12	0.2	0	0.245	0.08
2023-03-02 08:38:45.493752	67.0	7.4	13	0.2	0	0.245	0.08
2023-03-02 08:38:46.496284	68.0	7.5	14	0.2	0	0.264	0.08
2023-03-02 08:38:47.505115	69.0	7.7	13	0.2	0	0.264	0.08
2023-03-02 08:38:48.531277	70.0	7.8	15	0.2	0	0.265	0.08
2023-03-02 08:38:49.563138	71.0	7.9	12	0.2	0	0.266	0.101
2023-03-02 08:38:50.574025	72.1	8.0	12	0.2	0	0.282	0.101
2023-03-02 08:38:51.580817	73.1	8.2	13	0.2	0	0.282	0.101
2023-03-02 08:38:52.609921	74.1	8.3	13	0.3	0	0.282	0.101
2023-03-02 08:38:53.636754	75.1	8.4	13	0.2	0	0.286	0.121
2023-03-02 08:38:54.647782	76.1	8.6	14	0.2	0	0.286	0.121
2023-03-02 08:38:55.670087	77.2	8.7	14	0.2	0	0.302	0.121
2023-03-02 08:38:56.694852	78.2	8.8	14	0.3	0	0.302	0.121
2023-03-02 08:38:57.726736	79.2	9.0	12	0.4	0	0.302	0.121
2023-03-02 08:38:58.735371	80.2	9.1	14	0.2	0	0.303	0.141
2023-03-02 08:38:59.764940	81.3	9.2	14	0.2	0	0.315	0.141
2023-03-02 08:39:00.785536	82.3	9.4	14	0.2	0	0.315	0.141
2023-03-02 08:39:01.795016	83.3	9.5	14	0.2	0	0.315	0.141
2023-03-02 08:39:02.814568	84.3	9.7	13	0.2	0	0.315	0.161
2023-03-02 08:39:03.821174	85.3	9.8	14	0.2	0	0.319	0.161
2023-03-02 08:39:04.830284	86.3	9.9	14	0.2	0	0.319	0.161
2023-03-02 08:39:05.855520	87.3	10.1	14	0.3	0	0.319	0.161
2023-03-02 08:39:06.870313	88.4	10.2	12	0.2	0	0.321	0.181
2023-03-02 08:39:07.887057	89.4	10.3	14	0.2	0	0.323	0.181
2023-03-02 08:39:08.903855	90.4	10.5	14	0.2	0	0.339	0.181
2023-03-02 08:39:09.913173	91.4	10.6	12	0.3	0	0.339	0.181
2023-03-02 08:39:10.920180	92.4	10.7	12	0.2	0	0.339	0.181
2023-03-02 08:39:11.926911	93.4	10.8	12	0.2	0	0.339	0.201
2023-03-02 08:39:12.941086	94.4	11.0	12	0.2	0	0.356	0.201
2023-03-02 08:39:13.954075	95.4	11.1	13	0.2	0	0.356	0.201
2023-03-02 08:39:14.958302	96.4	11.2	13	0.3	0	0.356	0.201
2023-03-02 08:39:15.988663	97.5	11.3	13	0.2	0	0.356	0.201
2023-03-02 08:39:17.004332	98.5	11.5	13	0.2	0	0.357	0.221
2023-03-02 08:39:18.018899	99.5	11.6	14	0.2	0	0.373	0.221
2023-03-02 08:39:19.045081	100.5	11.8	15	0.2	0	0.373	0.221
2023-03-02 08:39:20.062331	101.5	11.9	13	0.2	0	0.373	0.221
2023-03-02 08:39:21.083655	102.6	12.0	14	0.2	0	0.373	0.242
2023-03-02 08:39:22.100145	103.6	12.2	14	0.2	0	0.388	0.242
2023-03-02 08:39:23.112899	104.6	12.3	14	0.3	0	0.388	0.242
2023-03-02 08:39:24.128455	105.6	12.5	14	0.3	0	0.388	0.242
2023-03-02 08:39:25.144288	106.6	12.6	13	0.2	0	0.388	0.262
2023-03-02 08:39:26.159717	107.6	12.7	14	0.2	0	0.404	0.262
2023-03-02 08:39:27.167802	108.7	12.9	14	0.2	0	0.404	0.262
2023-03-02 08:39:28.171570	109.7	13.0	13	0.3	0	0.404	0.262
2023-03-02 08:39:29.174544	110.7	13.1	12	0.2	0	0.404	0.278
2023-03-02 08:39:30.207111	111.7	13.2	13	0.2	0	0.404	0.282
2023-03-02 08:39:31.218830	112.7	13.4	10	0.2	0	0.42	0.282
2023-03-02 08:39:32.239413	113.7	13.5	11	0.2	0	0.42	0.282
2023-03-02 08:39:33.264305	114.7	13.6	11	0.3	0	0.42	0.282
2023-03-02 08:39:34.296985	115.8	13.7	12	0.2	0	0.42	0.282
2023-03-02 08:39:35.299702	116.8	13.8	12	0.2	0	0.422	0.302
2023-03-02 08:39:36.302414	117.8	13.9	11	0.2	0	0.439	0.302
2023-03-02 08:39:37.304941	118.8	14.1	13	0.2	0	0.439	0.302
2023-03-02 08:39:38.322888	119.8	14.2	11	0.3	0	0.439	0.302
2023-03-02 08:39:39.334097	120.8	14.3	11	0.2	0	0.439	0.302
2023-03-02 08:39:40.363463	121.8	14.4	11	0.2	0	0.439	0.322
2023-03-02 08:39:41.377970	122.9	14.5	11	0.2	0	0.439	0.322
2023-03-02 08:39:42.380074	123.9	14.6	12	0.2	0	0.454	0.322
2023-03-02 08:39:43.382322	124.9	14.7	13	0.2	0	0.454	0.322
2023-03-02 08:39:44.384470	125.9	14.9	12	0.2	0	0.454	0.322
2023-03-02 08:39:45.386626	126.9	15.0	10	0.2	0	0.454	0.342
2023-03-02 08:39:46.388397	127.9	15.1	13	0.2	0	0.47	0.342
2023-03-02 08:39:47.390709	128.9	15.2	11	0.2	0	0.47	0.342
2023-03-02 08:39:48.412411	129.9	15.3	12	0.3	0	0.47	0.342
2023-03-02 08:39:49.465354	131.0	15.5	12	0.2	0	0.47	0.342
2023-03-02 08:39:50.472105	132.0	15.6	12	0.2	0	0.47	0.362
2023-03-02 08:39:51.511886	133.0	15.7	11	0.2	0	0.491	0.362
2023-03-02 08:39:52.520142	134.0	15.8	12	0.2	0	0.492	0.362
2023-03-02 08:39:53.523125	135.0	15.9	13	0.3	0	0.492	0.362
2023-03-02 08:39:54.527282	136.0	16.1	13	0.2	0	0.492	0.362
2023-03-02 08:39:55.533286	137.0	16.2	11	0.2	0	0.492	0.382
2023-03-02 08:39:56.536256	138.0	16.3	9	0.2	0	0.492	0.382
2023-03-02 08:39:57.542732	139.0	16.4	12	0.2	0	0.51	0.382
2023-03-02 08:39:58.547171	140.0	16.5	10	0.2	0	0.51	0.382
2023-03-02 08:39:59.550638	141.0	16.6	11	0.3	0	0.51	0.382
2023-03-02 08:40:00.554033	142.0	16.7	11	0.2	0	0.51	0.403
2023-03-02 08:40:01.556285	143.0	16.8	11	0.2	0	0.51	0.403
2023-03-02 08:40:02.558164	144.0	16.9	10	0.2	0	0.526	0.403
2023-03-02 08:40:03.560304	145.0	17.0	12	0.3	0	0.526	0.403
2023-03-02 08:40:04.562621	146.0	17.2	13	0.3	0	0.526	0.403
2023-03-02 08:40:05.564998	147.1	17.2	8	0.4	0	0.526	0.403
2023-03-02 08:40:06.567567	148.1	17.2	0	0.4	0	0.526	0.403
2023-03-02 08:40:07.569840	149.1	17.4	14	0.2	0	0.526	0.423
2023-03-02 08:40:08.572098	150.1	17.5	11	0.2	0	0.541	0.423
2023-03-02 08:40:09.574336	151.1	17.6	12	0.3	0	0.541	0.423
2023-03-02 08:40:10.576598	152.1	17.7	13	0.3	0	0.541	0.423
2023-03-02 08:40:11.578155	153.1	17.8	10	0.2	0	0.541	0.443
2023-03-02 08:40:12.580434	154.1	18.0	13	0.2	0	0.541	0.443
2023-03-02 08:40:13.582680	155.1	18.1	12	0.2	0	0.557	0.443
2023-03-02 08:40:14.584955	156.1	18.2	13	0.2	0	0.557	0.443
2023-03-02 08:40:15.588232	157.1	18.3	12	0.3	0	0.557	0.443
2023-03-02 08:40:16.590868	158.1	18.4	11	0.2	0	0.557	0.463
2023-03-02 08:40:17.592430	159.1	18.6	11	0.2	0	0.557	0.463
2023-03-02 08:40:18.600051	160.1	18.7	12	0.2	0	0.572	0.463
2023-03-02 08:40:19.604669	161.1	18.8	12	0.2	0	0.572	0.463
2023-03-02 08:40:20.606770	162.1	18.9	12	0.3	0	0.572	0.463
2023-03-02 08:40:21.608202	163.1	19.0	12	0.2	0	0.572	0.483
2023-03-02 08:40:22.610446	164.1	19.2	12	0.2	0	0.572	0.483
2023-03-02 08:40:23.613077	165.1	19.3	11	0.2	0	0.588	0.483
2023-03-02 08:40:24.615526	166.1	19.4	12	0.2	0	0.588	0.483
2023-03-02 08:40:25.617894	167.1	19.5	10	0.3	0	0.588	0.483
2023-03-02 08:40:26.620227	168.1	19.6	12	0.2	0	0.588	0.503
2023-03-02 08:40:27.622452	169.1	19.7	12	0.2	0	0.588	0.503
2023-03-02 08:40:28.624644	170.1	19.8	11	0.2	0	0.603	0.503
2023-03-02 08:40:29.626934	171.1	19.9	10	0.2	0	0.603	0.503
2023-03-02 08:40:30.629335	172.1	20.1	11	0.3	0	0.603	0.503
2023-03-02 08:40:31.631816	173.1	20.2	10	0.2	0	0.603	0.503
2023-03-02 08:40:32.634202	174.1	20.2	9	0.2	0	0.603	0.523
2023-03-02 08:40:33.636752	175.1	20.3	10	0.2	0	0.603	0.523
2023-03-02 08:40:34.638166	176.1	20.4	10	0.2	0	0.619	0.523
2023-03-02 08:40:35.640766	177.1	20.5	10	0.2	0	0.619	0.523
2023-03-02 08:40:36.643362	178.1	20.6	10	0.2	0	0.619	0.523
2023-03-02 08:40:37.646042	179.1	20.7	10	0.3	0	0.619	0.523
2023-03-02 08:40:38.648158	180.1	20.9	11	0.2	0	0.619	0.543
2023-03-02 08:40:39.650333	181.1	21.0	12	0.2	0	0.619	0.543
