Date and time (UTC)	Real time (s)	CPU time (s)	CPU (%)	Memory (GB)	Memory (%)	Disk read (GB)	Disk write (GB)
2023-03-02 08:37:49.156158	1.0	0.2	0	0.1	0	0.0	0.0
2023-03-02 08:37:50.158277	2.0	0.3	11	0.1	0	0.001	0.0
2023-03-02 08:37:51.160697	3.0	0.4	12	0.2	0	0.002	0.0
2023-03-02 08:37:52.163127	4.0	0.5	14	0.2	0	0.002	0.0
2023-03-02 08:37:53.165625	5.0	0.7	14	0.2	0	0.002	0.0
2023-03-02 08:37:54.168284	6.0	0.8	12	0.3	0	0.002	0.02
2023-03-02 08:37:55.170692	7.0	0.9	15	0.4	0	0.002	0.02
2023-03-02 08:37:56.174691	8.0	1.1	14	0.4	0	0.002	0.02
2023-03-02 08:37:57.179776	9.0	1.2	14	0.4	0	0.002	0.02
2023-03-02 08:37:58.184777	10.0	1.4	14	0.4	0	0.002	0.02
2023-03-02 08:37:59.188276	11.0	1.5	14	0.4	0	0.002	0.02
2023-03-02 08:38:00.190790	12.0	1.6	15	0.4	0	0.002	0.02
2023-03-02 08:38:01.195751	13.0	1.8	13	0.5	0	0.002	0.02
2023-03-02 08:38:02.222034	14.1	1.9	15	0.5	0	0.002	0.02
2023-03-02 08:38:03.246072	15.1	2.1	14	0.5	0	0.002	0.02
2023-03-02 08:38:04.250884	16.1	2.2	13	0.6	0	0.002	0.02
2023-03-02 08:38:05.253489	17.1	2.3	12	0.7	0	0.007	0.02
2023-03-02 08:38:06.256983	18.1	2.5	15	0.8	0	0.007	0.02
2023-03-02 08:38:07.260742	19.1	2.6	13	0.5	0	0.007	0.02
2023-03-02 08:38:08.263330	20.1	2.7	14	0.6	0	0.007	0.02
2023-03-02 08:38:09.265800	21.1	2.9	14	0.6	0	0.007	0.02
2023-03-02 08:38:10.269582	22.1	3.0	15	0.7	0	0.007	0.02
2023-03-02 08:38:11.305026	23.2	3.1	13	0.7	0	0.007	0.02
2023-03-02 08:38:12.311652	24.2	3.3	12	0.8	0	0.007	0.02
2023-03-02 08:38:13.314500	25.2	3.4	12	0.4	0	0.008	0.02
2023-03-02 08:38:14.374731	26.2	3.5	12	0.5	0	0.009	0.02
2023-03-02 08:38:15.411602	27.3	3.7	13	0.5	0	0.012	0.02
2023-03-02 08:38:16.429913	28.3	3.8	13	0.5	0	0.014	0.02
2023-03-02 08:38:17.434590	29.3	3.9	11	0.5	0	0.017	0.02
2023-03-02 08:38:18.437328	30.3	4.0	13	0.2	0	0.019	0.02
2023-03-02 08:38:19.440042	31.3	4.1	10	0.2	0	0.103	0.04
2023-03-02 08:38:20.457638	32.3	4.2	12	0.2	0	0.103	0.04
2023-03-02 08:38:21.492458	33.3	4.4	13	0.2	0	0.105	0.04
2023-03-02 08:38:22.515111	34.4	4.5	12	0.2	0	0.109	0.04
2023-03-02 08:38:23.522346	35.4	4.6	12	0.2	0	0.116	0.06
2023-03-02 08:38:24.525168	36.4	4.7	12	0.2	0	0.132	0.06
2023-03-02 08:38:25.527948	37.4	4.8	12	0.2	0	0.133	0.06
2023-03-02 08:38:26.600709	38.4	5.0	12	0.2	0	0.133	0.06
2023-03-02 08:38:27.645812	39.5	5.1	12	0.2	0	0.133	0.06
2023-03-02 08:38:28.666640	40.5	5.2	12	0.2	0	0.134	0.08
2023-03-02 08:38:29.688863	41.5	5.3	13	0.2	0	0.135	0.08
2023-03-02 08:38:30.696506	42.5	5.5	11	0.2	0	0.153	0.08
2023-03-02 08:38:31.718389	43.6	5.6	12	0.2	0	0.153	0.08
2023-03-02 08:38:32.725548	44.6	5.7	13	0.3	0	0.154	0.08
2023-03-02 08:38:33.728419	45.6	5.8	12	0.2	0	0.154	0.101
2023-03-02 08:38:34.731159	46.6	5.9	12	0.2	0	0.154	0.101
2023-03-02 08:38:35.733893	47.6	6.1	12	0.2	0	0.17	0.101
2023-03-02 08:38:36.736407	48.6	6.2	12	0.2	0	0.17	0.101
2023-03-02 08:38:37.738464	49.6	6.3	12	0.3	0	0.17	0.101
2023-03-02 08:38:38.768434	50.6	6.4	13	0.2	0	0.17	0.121
2023-03-02 08:38:39.776638	51.6	6.6	15	0.2	0	0.186	0.121
2023-03-02 08:38:40.796475	52.6	6.7	13	0.2	0	0.186	0.121
2023-03-02 08:38:41.802919	53.7	6.8	13	0.3	0	0.186	0.121
2023-03-02 08:38:42.806060	54.7	7.0	11	0.2	0	0.187	0.121
2023-03-02 08:38:43.812712	55.7	7.1	13	0.2	0	0.195	0.141
2023-03-02 08:38:44.816908	56.7	7.2	13	0.2	0	0.212	0.141
2023-03-02 08:38:45.833598	57.7	7.4	14	0.2	0	0.212	0.141
2023-03-02 08:38:46.851980	58.7	7.5	13	0.3	0	0.212	0.141
2023-03-02 08:38:47.856555	59.7	7.6	13	0.2	0	0.214	0.161
2023-03-02 08:38:48.858549	60.7	7.8	14	0.2	0	0.215	0.161
2023-03-02 08:38:49.870254	61.7	7.9	13	0.2	0	0.23	0.161
2023-03-02 08:38:50.872882	62.7	8.0	12	0.2	0	0.23	0.161
2023-03-02 08:38:51.875370	63.7	8.2	14	0.2	0	0.23	0.161
2023-03-02 08:38:52.895949	64.7	8.3	12	0.2	0	0.235	0.181
2023-03-02 08:38:53.902478	65.8	8.4	14	0.2	0	0.251	0.181
2023-03-02 08:38:54.915948	66.8	8.6	14	0.2	0	0.251	0.181
2023-03-02 08:38:55.922798	67.8	8.7	13	0.3	0	0.251	0.181
2023-03-02 08:38:56.925454	68.8	8.8	14	0.2	0	0.252	0.201
2023-03-02 08:38:57.929859	69.8	8.9	13	0.2	0	0.252	0.201
2023-03-02 08:38:58.967644	70.8	9.1	15	0.2	0	0.269	0.201
2023-03-02 08:38:59.975229	71.8	9.2	14	0.3	0	0.269	0.201
2023-03-02 08:39:00.977881	72.8	9.4	12	0.2	0	0.27	0.212
2023-03-02 08:39:01.980323	73.8	9.5	14	0.2	0	0.27	0.221
2023-03-02 08:39:02.982872	74.8	9.6	14	0.2	0	0.285	0.221
2023-03-02 08:39:04.019497	75.9	9.8	13	0.2	0	0.285	0.221
2023-03-02 08:39:05.028300	76.9	9.9	14	0.2	0	0.286	0.221
2023-03-02 08:39:06.030898	77.9	10.1	14	0.2	0	0.286	0.241
2023-03-02 08:39:07.047368	78.9	10.2	13	0.2	0	0.302	0.241
2023-03-02 08:39:08.051193	79.9	10.3	14	0.2	0	0.302	0.241
2023-03-02 08:39:09.056514	80.9	10.4	13	0.3	0	0.302	0.241
2023-03-02 08:39:10.058598	81.9	10.6	12	0.2	0	0.303	0.262
2023-03-02 08:39:11.061162	82.9	10.7	12	0.2	0	0.303	0.262
2023-03-02 08:39:12.063681	83.9	10.8	12	0.2	0	0.319	0.262
2023-03-02 08:39:13.066426	84.9	10.9	12	0.2	0	0.319	0.262
2023-03-02 08:39:14.068797	85.9	11.1	12	0.3	0	0.319	0.262
2023-03-02 08:39:15.071258	86.9	11.2	12	0.2	0	0.319	0.282
2023-03-02 08:39:16.074142	87.9	11.3	14	0.2	0	0.319	0.282
2023-03-02 08:39:17.092511	88.9	11.4	14	0.2	0	0.335	0.282
2023-03-02 08:39:18.098072	89.9	11.6	15	0.3	0	0.335	0.282
2023-03-02 08:39:19.100911	90.9	11.7	11	0.6	0	0.335	0.282
2023-03-02 08:39:20.103401	92.0	11.8	14	0.2	0	0.335	0.302
2023-03-02 08:39:21.105830	93.0	12.0	13	0.2	0	0.351	0.302
2023-03-02 08:39:22.108130	94.0	12.1	15	0.2	0	0.351	0.302
2023-03-02 08:39:23.112918	95.0	12.3	13	0.2	0	0.351	0.302
2023-03-02 08:39:24.128446	96.0	12.4	13	0.2	0	0.351	0.322
2023-03-02 08:39:25.144310	97.0	12.5	14	0.2	0	0.367	0.322
2023-03-02 08:39:26.159704	98.0	12.7	14	0.2	0	0.367	0.322
2023-03-02 08:39:27.165736	99.0	12.8	13	0.3	0	0.367	0.322
2023-03-02 08:39:28.168255	100.0	12.9	14	0.2	0	0.367	0.342
2023-03-02 08:39:29.170770	101.0	13.1	13	0.2	0	0.383	0.342
2023-03-02 08:39:30.207101	102.1	13.2	13	0.2	0	0.383	0.342
2023-03-02 08:39:31.218787	103.1	13.3	10	0.3	0	0.383	0.342
2023-03-02 08:39:32.239389	104.1	13.4	11	0.2	0	0.383	0.342
2023-03-02 08:39:33.264311	105.1	13.5	10	0.2	0	0.383	0.362
2023-03-02 08:39:34.297402	106.1	13.6	12	0.4	0	0.383	0.362
2023-03-02 08:39:35.304194	107.2	13.8	12	0.2	0	0.4	0.362
2023-03-02 08:39:36.306939	108.2	13.9	13	0.3	0	0.4	0.362
2023-03-02 08:39:37.308865	109.2	14.0	12	0.2	0	0.4	0.362
2023-03-02 08:39:38.322880	110.2	14.1	10	0.2	0	0.401	0.383
2023-03-02 08:39:39.335023	111.2	14.2	11	0.2	0	0.401	0.383
2023-03-02 08:39:40.363471	112.2	14.3	11	0.2	0	0.417	0.383
2023-03-02 08:39:41.376431	113.2	14.4	11	0.2	0	0.417	0.383
2023-03-02 08:39:42.378164	114.2	14.6	12	0.3	0	0.417	0.383
2023-03-02 08:39:43.380660	115.2	14.7	12	0.2	0	0.417	0.403
2023-03-02 08:39:44.382934	116.2	14.8	12	0.2	0	0.417	0.403
2023-03-02 08:39:45.385196	117.2	14.9	12	0.2	0	0.433	0.403
2023-03-02 08:39:46.387388	118.2	15.0	11	0.2	0	0.433	0.403
2023-03-02 08:39:47.389601	119.2	15.1	12	0.3	0	0.433	0.403
2023-03-02 08:39:48.412446	120.3	15.2	11	0.2	0	0.434	0.423
2023-03-02 08:39:49.465345	121.3	15.4	12	0.2	0	0.434	0.423
2023-03-02 08:39:50.476690	122.3	15.5	11	0.2	0	0.452	0.423
2023-03-02 08:39:51.511924	123.4	15.6	12	0.2	0	0.452	0.423
2023-03-02 08:39:52.521016	124.4	15.7	12	0.3	0	0.452	0.423
2023-03-02 08:39:53.524178	125.4	15.8	11	0.2	0	0.452	0.443
2023-03-02 08:39:54.527462	126.4	16.0	13	0.4	0	0.452	0.443
2023-03-02 08:39:55.531857	127.4	16.1	12	0.2	0	0.468	0.443
2023-03-02 08:39:56.536752	128.4	16.2	10	0.2	0	0.468	0.443
2023-03-02 08:39:57.542288	129.4	16.3	11	0.3	0	0.468	0.443
2023-03-02 08:39:58.545639	130.4	16.4	10	0.2	0	0.468	0.464
2023-03-02 08:39:59.550871	131.4	16.5	11	0.2	0	0.468	0.464
2023-03-02 08:40:00.554961	132.4	16.6	11	0.2	0	0.487	0.464
2023-03-02 08:40:01.559194	133.4	16.7	11	0.2	0	0.487	0.464
2023-03-02 08:40:02.561894	134.4	16.8	11	0.3	0	0.487	0.464
2023-03-02 08:40:03.563195	135.4	16.9	11	0.2	0	0.487	0.464
2023-03-02 08:40:04.565397	136.4	17.0	2	0.4	0	0.487	0.464
2023-03-02 08:40:05.567353	137.4	17.1	8	0.2	0	0.487	0.484
2023-03-02 08:40:06.569519	138.4	17.2	13	0.2	0	0.502	0.484
2023-03-02 08:40:07.571838	139.4	17.3	14	0.2	0	0.502	0.484
2023-03-02 08:40:08.573841	140.4	17.4	12	0.3	0	0.502	0.484
2023-03-02 08:40:09.576108	141.4	17.5	10	0.4	0	0.502	0.484
2023-03-02 08:40:10.577857	142.4	17.7	13	0.2	0	0.502	0.504
2023-03-02 08:40:11.579824	143.4	17.8	12	0.2	0	0.518	0.504
2023-03-02 08:40:12.581856	144.4	17.9	12	0.2	0	0.518	0.504
2023-03-02 08:40:13.583815	145.4	18.0	13	0.3	0	0.518	0.504
2023-03-02 08:40:14.585933	146.4	18.2	12	0.2	0	0.518	0.524
2023-03-02 08:40:15.587872	147.4	18.3	12	0.2	0	0.518	0.524
2023-03-02 08:40:16.589933	148.4	18.4	11	0.2	0	0.533	0.524
2023-03-02 08:40:17.595545	149.4	18.5	12	0.2	0	0.533	0.524
2023-03-02 08:40:18.599109	150.4	18.6	12	0.3	0	0.533	0.524
2023-03-02 08:40:19.602656	151.5	18.8	12	0.2	0	0.533	0.544
2023-03-02 08:40:20.607867	152.5	18.9	11	0.2	0	0.533	0.544
