Date and time (UTC)	Real time (s)	CPU time (s)	CPU (%)	Memory (GB)	Memory (%)	Disk read (GB)	Disk write (GB)
2023-03-02 08:39:30.871036	1.0	0.1	0	0.0	0	0.139	0.0
2023-03-02 08:39:31.881261	2.0	0.2	12	0.1	0	0.141	0.0
2023-03-02 08:39:32.887254	3.0	0.3	9	0.1	0	0.141	0.0
2023-03-02 08:39:33.987087	4.1	0.4	10	0.2	0	0.182	0.0
2023-03-02 08:39:35.022912	5.2	0.6	12	0.2	0	0.182	0.0
2023-03-02 08:39:36.057489	6.2	0.7	12	0.2	0	0.182	0.0
2023-03-02 08:39:37.066503	7.2	0.8	12	0.3	0	0.182	0.0
2023-03-02 08:39:38.092126	8.2	0.9	12	0.3	0	0.182	0.0
2023-03-02 08:39:39.122733	9.3	1.0	11	0.3	0	0.182	0.0
2023-03-02 08:39:40.130299	10.3	1.1	11	0.2	0	0.182	0.0
2023-03-02 08:39:41.132955	11.3	1.2	11	0.2	0	0.182	0.0
2023-03-02 08:39:42.160328	12.3	1.3	10	0.2	0	0.184	0.046
2023-03-02 08:39:43.182364	13.3	1.5	12	0.2	0	0.218	0.046
2023-03-02 08:39:44.204682	14.4	1.6	13	0.3	0	0.218	0.046
2023-03-02 08:39:45.236143	15.4	1.7	12	0.3	0	0.218	0.046
2023-03-02 08:39:46.243766	16.4	1.8	12	0.3	0	0.218	0.046
2023-03-02 08:39:47.262693	17.4	2.0	12	0.3	0	0.218	0.046
2023-03-02 08:39:48.281353	18.4	2.1	12	0.3	0	0.218	0.046
2023-03-02 08:39:49.288638	19.4	2.2	12	0.2	0	0.218	0.046
2023-03-02 08:39:50.311507	20.5	2.3	11	0.2	0	0.225	0.091
2023-03-02 08:39:51.324386	21.5	2.4	12	0.3	0	0.225	0.091
2023-03-02 08:39:52.328508	22.5	2.5	12	0.3	0	0.225	0.091
2023-03-02 08:39:53.343183	23.5	2.7	12	0.3	0	0.225	0.091
2023-03-02 08:39:54.362865	24.5	2.8	13	0.3	0	0.225	0.091
2023-03-02 08:39:55.370453	25.5	2.9	11	0.3	0	0.225	0.091
2023-03-02 08:39:56.391660	26.5	3.0	12	0.3	0	0.225	0.091
2023-03-02 08:39:57.476491	27.6	3.1	9	0.3	0	0.225	0.091
2023-03-02 08:39:58.484601	28.6	3.2	11	0.3	0	0.226	0.137
2023-03-02 08:39:59.494072	29.6	3.3	11	0.3	0	0.226	0.137
2023-03-02 08:40:00.503755	30.7	3.5	11	0.3	0	0.226	0.137
2023-03-02 08:40:01.506265	31.7	3.6	11	0.3	0	0.226	0.137
2023-03-02 08:40:02.508204	32.7	3.7	11	0.3	0	0.261	0.137
2023-03-02 08:40:03.510495	33.7	3.8	11	0.3	0	0.261	0.137
2023-03-02 08:40:04.512999	34.7	3.9	14	0.3	0	0.261	0.137
2023-03-02 08:40:05.516442	35.7	4.1	14	0.3	0	0.261	0.137
2023-03-02 08:40:06.519213	36.7	4.2	19	0.3	0	0.261	0.137
2023-03-02 08:40:07.521589	37.7	4.4	14	0.3	0	0.261	0.137
2023-03-02 08:40:08.523855	38.7	4.5	11	0.3	0	0.261	0.183
2023-03-02 08:40:09.526191	39.7	4.6	13	0.3	0	0.261	0.183
2023-03-02 08:40:10.528002	40.7	4.7	11	0.3	0	0.261	0.183
2023-03-02 08:40:11.530405	41.7	4.9	12	0.3	0	0.295	0.183
2023-03-02 08:40:12.532853	42.7	5.0	13	0.3	0	0.295	0.183
2023-03-02 08:40:13.535301	43.7	5.1	12	0.3	0	0.295	0.183
2023-03-02 08:40:14.538983	44.7	5.2	12	0.4	0	0.295	0.183
2023-03-02 08:40:15.541792	45.7	5.4	13	0.4	0	0.295	0.183
2023-03-02 08:40:16.544195	46.7	5.5	11	0.3	0	0.295	0.183
2023-03-02 08:40:17.545740	47.7	5.6	12	0.3	0	0.295	0.183
2023-03-02 08:40:18.549803	48.7	5.7	11	0.8	0	0.295	0.183
2023-03-02 08:40:19.553014	49.7	5.8	12	0.3	0	0.295	0.228
2023-03-02 08:40:20.555541	50.7	5.9	12	0.3	0	0.295	0.228
2023-03-02 08:40:21.557896	51.7	6.1	12	0.3	0	0.295	0.228
2023-03-02 08:40:22.560664	52.7	6.2	12	0.3	0	0.33	0.228
2023-03-02 08:40:23.564332	53.7	6.3	11	0.3	0	0.33	0.228
2023-03-02 08:40:24.568008	54.7	6.4	11	0.3	0	0.33	0.228
2023-03-02 08:40:25.571452	55.7	6.5	12	0.4	0	0.33	0.228
2023-03-02 08:40:26.573922	56.7	6.6	11	0.4	0	0.33	0.228
2023-03-02 08:40:27.576419	57.7	6.8	12	0.3	0	0.33	0.228
2023-03-02 08:40:28.578556	58.7	6.9	11	0.3	0	0.33	0.228
2023-03-02 08:40:29.582175	59.7	7.0	10	0.3	0	0.33	0.228
2023-03-02 08:40:30.585242	60.7	7.1	11	0.3	0	0.33	0.274
2023-03-02 08:40:31.587867	61.7	7.2	10	0.3	0	0.33	0.274
2023-03-02 08:40:32.591799	62.7	7.3	9	0.3	0	0.33	0.274
2023-03-02 08:40:33.595620	63.7	7.4	11	0.3	0	0.33	0.274
2023-03-02 08:40:34.599200	64.7	7.5	10	0.3	0	0.365	0.274
2023-03-02 08:40:35.603428	65.8	7.6	10	0.3	0	0.365	0.274
2023-03-02 08:40:36.607004	66.8	7.7	10	0.3	0	0.365	0.274
2023-03-02 08:40:37.611751	67.8	7.8	10	0.3	0	0.365	0.274
2023-03-02 08:40:38.615532	68.8	7.9	11	0.4	0	0.365	0.274
2023-03-02 08:40:39.617981	69.8	8.0	12	0.4	0	0.365	0.274
2023-03-02 08:40:40.620408	70.8	8.1	12	0.3	0	0.365	0.274
2023-03-02 08:40:41.623817	71.8	8.2	12	0.3	0	0.365	0.274
2023-03-02 08:40:42.627572	72.8	8.3	10	0.6	0	0.365	0.274
2023-03-02 08:40:43.629559	73.8	8.5	12	0.3	0	0.365	0.32
2023-03-02 08:40:44.631681	74.8	8.6	11	0.4	0	0.365	0.32
2023-03-02 08:40:45.635192	75.8	8.7	12	0.3	0	0.365	0.32
2023-03-02 08:40:46.638185	76.8	8.8	12	0.3	0	0.411	0.32
2023-03-02 08:40:47.642022	77.8	8.9	11	0.3	0	0.411	0.32
2023-03-02 08:40:48.648683	78.8	9.0	11	0.3	0	0.411	0.32
2023-03-02 08:40:49.657242	79.8	9.2	12	0.4	0	0.411	0.32
2023-03-02 08:40:50.663710	80.8	9.3	11	0.4	0	0.411	0.32
2023-03-02 08:40:51.667008	81.8	9.4	14	0.4	0	0.411	0.32
2023-03-02 08:40:52.669271	82.8	9.5	13	0.3	0	0.411	0.32
2023-03-02 08:40:53.671810	83.8	9.7	12	0.3	0	0.411	0.32
2023-03-02 08:40:54.675276	84.8	9.8	12	0.3	0	0.411	0.365
2023-03-02 08:40:55.678492	85.8	9.9	12	0.3	0	0.411	0.365
2023-03-02 08:40:56.681870	86.8	10.0	14	0.3	0	0.411	0.365
2023-03-02 08:40:57.684791	87.8	10.2	14	0.3	0	0.446	0.365
2023-03-02 08:40:58.687443	88.8	10.3	12	0.3	0	0.446	0.365
2023-03-02 08:40:59.690402	89.8	10.4	12	0.3	0	0.446	0.365
2023-03-02 08:41:00.693746	90.8	10.5	11	0.4	0	0.446	0.365
2023-03-02 08:41:01.697391	91.8	10.6	12	0.4	0	0.446	0.365
2023-03-02 08:41:02.700835	92.9	10.7	10	0.3	0	0.446	0.365
2023-03-02 08:41:03.704295	93.9	10.9	13	0.3	0	0.446	0.365
2023-03-02 08:41:04.707666	94.9	11.0	12	0.3	0	0.446	0.365
2023-03-02 08:41:05.711136	95.9	11.1	10	0.3	0	0.447	0.411
2023-03-02 08:41:06.714685	96.9	11.2	12	0.3	0	0.447	0.411
2023-03-02 08:41:07.718376	97.9	11.3	11	0.3	0	0.447	0.411
2023-03-02 08:41:08.726296	98.9	11.4	13	0.3	0	0.447	0.411
2023-03-02 08:41:09.729922	99.9	11.6	14	0.3	0	0.483	0.411
2023-03-02 08:41:10.732341	100.9	11.7	14	0.3	0	0.483	0.411
2023-03-02 08:41:11.735755	101.9	11.9	14	0.4	0	0.483	0.411
2023-03-02 08:41:12.737571	102.9	12.0	13	0.4	0	0.483	0.411
2023-03-02 08:41:13.740592	103.9	12.1	14	0.3	0	0.483	0.411
2023-03-02 08:41:14.743010	104.9	12.3	14	0.3	0	0.483	0.411
2023-03-02 08:41:15.747102	105.9	12.4	13	0.3	0	0.483	0.457
2023-03-02 08:41:16.750849	106.9	12.5	13	0.3	0	0.483	0.457
2023-03-02 08:41:17.753303	107.9	12.7	14	0.3	0	0.483	0.457
2023-03-02 08:41:18.755780	108.9	12.8	14	0.3	0	0.518	0.457
2023-03-02 08:41:19.760046	109.9	13.0	14	0.3	0	0.518	0.457
2023-03-02 08:41:20.764974	110.9	13.1	13	0.3	0	0.518	0.457
2023-03-02 08:41:21.766908	111.9	13.2	14	0.4	0	0.518	0.457
2023-03-02 08:41:22.769913	112.9	13.4	13	0.3	0	0.518	0.457
2023-03-02 08:41:23.772314	113.9	13.5	13	0.3	0	0.518	0.457
2023-03-02 08:41:24.775590	114.9	13.6	13	0.6	0	0.518	0.457
2023-03-02 08:41:25.778981	115.9	13.7	5	0.3	0	0.518	0.502
2023-03-02 08:41:26.781778	116.9	13.8	16	0.3	0	0.518	0.502
2023-03-02 08:41:27.784056	117.9	14.0	15	0.3	0	0.518	0.502
2023-03-02 08:41:28.786680	118.9	14.1	11	0.3	0	0.552	0.502
2023-03-02 08:41:29.789070	119.9	14.2	12	0.3	0	0.552	0.502
2023-03-02 08:41:30.792631	120.9	14.3	11	0.3	0	0.552	0.502
2023-03-02 08:41:31.797745	121.9	14.4	12	0.4	0	0.552	0.502
2023-03-02 08:41:32.803880	123.0	14.5	11	0.4	0	0.552	0.502
2023-03-02 08:41:33.809071	124.0	14.7	11	0.4	0	0.552	0.502
2023-03-02 08:41:34.811471	125.0	14.8	13	0.3	0	0.552	0.502
2023-03-02 08:41:35.815121	126.0	14.9	14	0.6	0	0.552	0.502
2023-03-02 08:41:36.817771	127.0	15.1	13	0.3	0	0.552	0.548
2023-03-02 08:41:37.820339	128.0	15.2	13	0.3	0	0.552	0.548
2023-03-02 08:41:38.824794	129.0	15.3	15	0.4	0	0.552	0.548
2023-03-02 08:41:39.829290	130.0	15.5	12	0.3	0	0.588	0.548
2023-03-02 08:41:40.831508	131.0	15.6	14	0.3	0	0.588	0.548
2023-03-02 08:41:41.833762	132.0	15.7	13	0.4	0	0.588	0.548
2023-03-02 08:41:42.836425	133.0	15.9	14	0.4	0	0.588	0.548
2023-03-02 08:41:43.839464	134.0	16.0	14	0.3	0	0.588	0.548
2023-03-02 08:41:44.842734	135.0	16.1	14	0.3	0	0.588	0.548
2023-03-02 08:41:45.845190	136.0	16.3	14	0.3	0	0.588	0.594
2023-03-02 08:41:46.847607	137.0	16.4	14	0.3	0	0.588	0.594
2023-03-02 08:41:47.849564	138.0	16.6	12	0.3	0	0.588	0.594
2023-03-02 08:41:48.851611	139.0	16.7	14	0.3	0	0.623	0.594
2023-03-02 08:41:49.855020	140.0	16.8	15	0.3	0	0.623	0.594
2023-03-02 08:41:50.859548	141.0	17.0	13	0.3	0	0.623	0.594
2023-03-02 08:41:51.862829	142.0	17.1	13	0.4	0	0.623	0.594
2023-03-02 08:41:52.867807	143.0	17.2	14	0.4	0	0.623	0.594
2023-03-02 08:41:53.872177	144.0	17.4	14	0.3	0	0.623	0.594
2023-03-02 08:41:54.875881	145.0	17.5	14	0.8	0	0.623	0.594
2023-03-02 08:41:55.879121	146.0	17.6	13	0.3	0	0.623	0.639
2023-03-02 08:41:56.884108	147.0	17.8	14	0.3	0	0.623	0.639
2023-03-02 08:41:57.886570	148.0	17.9	14	0.3	0	0.623	0.639
2023-03-02 08:41:58.888210	149.0	18.1	14	0.3	0	0.658	0.639
2023-03-02 08:41:59.890610	150.0	18.2	14	0.3	0	0.658	0.639
2023-03-02 08:42:00.894670	151.0	18.3	12	0.4	0	0.658	0.639
2023-03-02 08:42:01.898264	152.0	18.5	17	0.4	0	0.658	0.639
2023-03-02 08:42:02.900709	153.1	18.7	16	0.3	0	0.658	0.639
2023-03-02 08:42:03.903216	154.1	18.8	15	0.3	0	0.658	0.651
2023-03-02 08:42:04.905784	155.1	19.0	20	0.4	0	0.658	0.685
2023-03-02 08:42:05.909092	156.1	19.2	16	0.3	0	0.658	0.685
2023-03-02 08:42:06.911549	157.1	19.3	17	0.3	0	0.693	0.685
2023-03-02 08:42:07.913899	158.1	19.5	16	0.3	0	0.693	0.685
2023-03-02 08:42:08.916342	159.1	19.7	17	0.4	0	0.693	0.685
2023-03-02 08:42:09.918437	160.1	19.8	16	0.3	0	0.693	0.685
2023-03-02 08:42:10.921695	161.1	20.0	16	0.3	0	0.693	0.685
2023-03-02 08:42:11.924849	162.1	20.1	9	0.6	0	0.693	0.685
2023-03-02 08:42:12.927089	163.1	20.2	13	0.3	0	0.693	0.731
2023-03-02 08:42:13.929518	164.1	20.4	16	0.3	0	0.693	0.731
2023-03-02 08:42:14.931088	165.1	20.5	17	0.3	0	0.728	0.731
2023-03-02 08:42:15.933497	166.1	20.7	15	0.3	0	0.728	0.731
2023-03-02 08:42:16.935866	167.1	20.9	17	0.4	0	0.728	0.731
2023-03-02 08:42:17.938245	168.1	21.0	17	0.4	0	0.728	0.731
2023-03-02 08:42:18.939720	169.1	21.2	15	0.3	0	0.728	0.731
2023-03-02 08:42:19.942353	170.1	21.3	17	0.8	0	0.728	0.731
2023-03-02 08:42:20.944722	171.1	21.5	19	0.3	0	0.728	0.776
2023-03-02 08:42:21.947116	172.1	21.7	20	0.3	0	0.728	0.776
2023-03-02 08:42:22.949552	173.1	21.9	20	0.3	0	0.763	0.776
2023-03-02 08:42:23.951963	174.1	22.1	20	0.4	0	0.763	0.776
2023-03-02 08:42:24.955333	175.1	22.3	19	0.4	0	0.763	0.776
2023-03-02 08:42:25.957842	176.1	22.5	19	0.3	0	0.763	0.776
2023-03-02 08:42:26.960236	177.1	22.7	18	0.3	0	0.763	0.822
2023-03-02 08:42:27.962650	178.1	22.9	19	0.3	0	0.763	0.822
2023-03-02 08:42:28.965036	179.1	23.1	20	0.3	0	0.798	0.822
2023-03-02 08:42:29.967354	180.1	23.3	20	0.3	0	0.798	0.822
2023-03-02 08:42:30.969481	181.1	23.5	20	0.3	0	0.798	0.822
2023-03-02 08:42:31.971518	182.1	23.7	19	0.3	0	0.798	0.822
2023-03-02 08:42:32.973866	183.1	23.9	19	0.3	0	0.798	0.822
2023-03-02 08:42:33.976146	184.1	24.1	19	0.3	0	0.798	0.867
2023-03-02 08:42:34.977916	185.1	24.3	20	0.3	0	0.798	0.867
2023-03-02 08:42:35.980305	186.1	24.4	18	0.3	0	0.833	0.867
2023-03-02 08:42:36.982674	187.1	24.6	20	0.3	0	0.833	0.867
2023-03-02 08:42:37.986789	188.1	24.8	20	0.4	0	0.833	0.867
2023-03-02 08:42:38.990544	189.1	25.0	18	0.3	0	0.833	0.867
2023-03-02 08:42:39.992923	190.1	25.2	19	0.3	0	0.833	0.886
2023-03-02 08:42:40.995286	191.1	25.4	19	0.3	0	0.833	0.913
2023-03-02 08:42:41.998523	192.1	25.6	20	0.4	0	0.833	0.913
2023-03-02 08:42:43.001171	193.2	25.8	20	0.3	0	0.869	0.913
2023-03-02 08:42:44.003509	194.2	26.0	20	0.4	0	0.869	0.913
2023-03-02 08:42:45.005901	195.2	26.2	19	0.4	0	0.869	0.913
2023-03-02 08:42:46.008202	196.2	26.4	19	0.3	0	0.869	0.913
2023-03-02 08:42:47.010576	197.2	26.6	19	0.3	0	0.869	0.959
2023-03-02 08:42:48.013007	198.2	26.8	20	0.3	0	0.869	0.959
2023-03-02 08:42:49.015273	199.2	27.0	19	0.3	0	0.904	0.959
2023-03-02 08:42:50.017649	200.2	27.1	19	0.3	0	0.904	0.959
2023-03-02 08:42:51.019664	201.2	27.4	20	0.4	0	0.904	0.959
2023-03-02 08:42:52.021680	202.2	27.6	23	0.3	0	0.904	0.959
2023-03-02 08:42:53.024026	203.2	27.8	24	0.3	0	0.904	1.004
2023-03-02 08:42:54.026278	204.2	28.1	24	0.3	0	0.904	1.004
2023-03-02 08:42:55.028079	205.2	28.3	24	0.3	0	0.938	1.004
2023-03-02 08:42:56.030469	206.2	28.6	25	0.4	0	0.938	1.004
2023-03-02 08:42:57.033879	207.2	28.8	24	0.3	0	0.938	1.004
2023-03-02 08:42:58.036742	208.2	29.0	22	0.6	0	0.938	1.004
2023-03-02 08:42:59.038174	209.2	29.2	24	0.3	0	0.938	1.05
2023-03-02 08:43:00.041527	210.2	29.5	25	0.3	0	0.973	1.05
2023-03-02 08:43:01.044573	211.2	29.7	24	0.3	0	0.973	1.05
2023-03-02 08:43:02.047027	212.2	30.0	24	0.4	0	0.973	1.05
2023-03-02 08:43:03.049133	213.2	30.2	25	0.3	0	0.973	1.05
2023-03-02 08:43:04.050673	214.2	30.5	23	0.3	0	0.973	1.096
2023-03-02 08:43:05.052984	215.2	30.7	24	0.3	0	1.009	1.096
2023-03-02 08:43:06.055342	216.2	30.9	25	0.3	0	1.009	1.096
2023-03-02 08:43:07.062324	217.2	31.2	24	0.4	0	1.009	1.096
2023-03-02 08:43:08.064672	218.2	31.4	24	0.3	0	1.009	1.096
2023-03-02 08:43:09.067714	219.2	31.7	23	0.3	0	1.009	1.141
2023-03-02 08:43:10.071117	220.2	31.9	24	0.3	0	1.009	1.141
2023-03-02 08:43:11.073799	221.2	32.1	23	0.3	0	1.043	1.141
2023-03-02 08:43:12.076997	222.2	32.4	24	0.3	0	1.043	1.141
2023-03-02 08:43:13.081694	223.2	32.6	25	0.3	0	1.043	1.141
2023-03-02 08:43:14.083660	224.2	32.9	23	0.3	0	1.043	1.187
2023-03-02 08:43:15.085909	225.2	33.1	24	0.3	0	1.043	1.187
2023-03-02 08:43:16.088220	226.2	33.3	24	0.3	0	1.078	1.187
2023-03-02 08:43:17.091455	227.2	33.6	27	0.4	0	1.078	1.187
2023-03-02 08:43:18.093742	228.2	33.9	32	0.3	0	1.078	1.187
2023-03-02 08:43:19.096150	229.2	34.2	28	0.3	0	1.079	1.233
