Date and time (UTC)	Real time (s)	CPU time (s)	CPU (%)	Memory (GB)	Memory (%)	Disk read (GB)	Disk write (GB)
2023-03-04 00:06:27.634759	1.0	0.0	0	0.0	0	0.028	0.0
2023-03-04 00:06:28.637456	2.0	0.1	6	0.0	0	0.115	0.0
2023-03-04 00:06:29.640065	3.0	0.1	6	0.0	0	0.125	0.0
2023-03-04 00:06:30.641796	4.0	0.2	7	0.1	0	0.125	0.0
2023-03-04 00:06:31.644448	5.0	0.3	8	0.1	0	0.127	0.0
2023-03-04 00:06:32.647269	6.0	0.4	11	0.2	0	0.128	0.0
2023-03-04 00:06:33.651093	7.1	0.5	8	0.2	0	0.148	0.0
2023-03-04 00:06:34.653645	8.1	0.6	10	0.3	0	0.148	0.0
2023-03-04 00:06:35.669914	9.1	0.7	10	0.3	0	0.148	0.0
2023-03-04 00:06:36.673418	10.1	0.8	10	0.3	0	0.148	0.0
2023-03-04 00:06:37.675890	11.1	0.9	11	0.3	0	0.148	0.0
2023-03-04 00:06:38.678316	12.1	1.0	9	0.3	0	0.148	0.0
2023-03-04 00:06:39.681065	13.1	1.1	10	0.3	0	0.148	0.0
2023-03-04 00:06:40.684525	14.1	1.2	10	0.3	0	0.148	0.0
2023-03-04 00:06:41.687316	15.1	1.3	9	0.4	0	0.148	0.0
2023-03-04 00:06:42.690053	16.1	1.4	10	0.4	0	0.148	0.0
2023-03-04 00:06:43.691840	17.1	1.5	9	0.4	0	0.148	0.0
2023-03-04 00:06:44.694980	18.1	1.6	9	0.5	0	0.148	0.0
2023-03-04 00:06:45.698435	19.1	1.7	11	0.6	0	0.148	0.0
2023-03-04 00:06:46.700624	20.1	1.7	8	0.4	0	0.148	0.0
2023-03-04 00:06:47.702845	21.1	1.8	10	0.4	0	0.148	0.0
2023-03-04 00:06:48.720732	22.1	1.9	10	0.5	0	0.148	0.0
2023-03-04 00:06:49.727088	23.1	2.0	10	0.5	0	0.148	0.0
2023-03-04 00:06:50.731477	24.1	2.1	9	0.5	0	0.148	0.0
2023-03-04 00:06:51.734203	25.1	2.2	10	0.6	0	0.148	0.0
2023-03-04 00:06:52.737020	26.1	2.3	10	0.3	0	0.148	0.0
2023-03-04 00:06:53.739239	27.1	2.4	10	0.4	0	0.148	0.0
2023-03-04 00:06:54.741689	28.1	2.5	9	0.4	0	0.148	0.0
2023-03-04 00:06:55.744158	29.1	2.6	10	0.4	0	0.148	0.0
2023-03-04 00:06:56.746642	30.1	2.7	9	0.2	0	0.148	0.0
2023-03-04 00:06:57.751761	31.2	2.8	9	0.2	0	0.275	0.02
2023-03-04 00:06:58.768153	32.2	2.9	8	0.3	0	0.304	0.02
2023-03-04 00:06:59.799515	33.2	3.0	11	0.3	0	0.307	0.02
2023-03-04 00:07:00.877840	34.3	3.1	10	0.3	0	0.308	0.02
2023-03-04 00:07:01.891417	35.3	3.2	10	0.4	0	0.308	0.02
2023-03-04 00:07:02.894389	36.3	3.3	11	0.4	0	0.308	0.02
2023-03-04 00:07:03.916418	37.3	3.4	8	0.4	0	0.308	0.02
2023-03-04 00:07:04.949127	38.3	3.5	11	0.4	0	0.308	0.02
2023-03-04 00:07:05.981878	39.4	3.6	9	0.4	0	0.308	0.02
2023-03-04 00:07:06.989061	40.4	3.7	9	0.4	0	0.308	0.02
2023-03-04 00:07:08.030111	41.4	3.8	11	0.4	0	0.308	0.02
2023-03-04 00:07:09.093146	42.5	3.9	8	0.4	0	0.308	0.02
2023-03-04 00:07:10.125278	43.5	4.0	11	0.5	0	0.308	0.02
2023-03-04 00:07:11.196940	44.6	4.1	9	0.5	0	0.308	0.02
2023-03-04 00:07:12.259481	45.7	4.2	9	0.5	0	0.309	0.02
2023-03-04 00:07:13.298117	46.7	4.3	10	0.5	0	0.309	0.02
2023-03-04 00:07:14.318833	47.7	4.4	10	0.6	0	0.309	0.02
2023-03-04 00:07:15.421928	48.8	4.5	10	0.7	0	0.31	0.02
2023-03-04 00:07:16.466797	49.9	4.6	8	0.7	0	0.31	0.02
2023-03-04 00:07:17.514640	50.9	4.7	10	0.6	0	0.311	0.02
2023-03-04 00:07:18.524743	51.9	4.8	10	0.5	0	0.311	0.02
2023-03-04 00:07:19.533522	52.9	4.8	9	0.5	0	0.311	0.02
2023-03-04 00:07:20.539286	53.9	5.0	10	0.6	0	0.311	0.02
2023-03-04 00:07:21.551345	55.0	5.0	10	0.6	0	0.311	0.02
2023-03-04 00:07:22.675779	56.1	5.2	9	0.7	0	0.311	0.02
2023-03-04 00:07:23.727857	57.1	5.2	10	0.7	0	0.311	0.02
2023-03-04 00:07:24.812140	58.2	5.4	10	0.7	0	0.311	0.02
2023-03-04 00:07:25.882205	59.3	5.5	10	0.8	0	0.311	0.02
2023-03-04 00:07:26.907992	60.3	5.6	9	0.5	0	0.311	0.02
2023-03-04 00:07:27.916645	61.3	5.7	9	0.5	0	0.311	0.02
2023-03-04 00:07:28.919411	62.3	5.8	10	0.5	0	0.311	0.02
2023-03-04 00:07:29.922040	63.3	5.9	10	0.5	0	0.311	0.02
2023-03-04 00:07:30.928372	64.3	5.9	9	0.5	0	0.311	0.02
2023-03-04 00:07:31.955197	65.4	6.0	10	0.5	0	0.311	0.02
2023-03-04 00:07:32.963642	66.4	6.1	11	0.2	0	0.311	0.02
2023-03-04 00:07:33.966402	67.4	6.2	8	0.2	0	0.327	0.04
2023-03-04 00:07:34.972785	68.4	6.3	10	0.2	0	0.327	0.04
2023-03-04 00:07:36.006682	69.4	6.4	10	0.2	0	0.327	0.04
2023-03-04 00:07:37.064556	70.5	6.5	10	0.2	0	0.327	0.04
2023-03-04 00:07:38.072847	71.5	6.6	8	0.2	0	0.327	0.06
2023-03-04 00:07:39.075503	72.5	6.7	11	0.2	0	0.327	0.06
2023-03-04 00:07:40.094614	73.5	6.8	9	0.2	0	0.343	0.06
2023-03-04 00:07:41.218075	74.6	6.9	10	0.2	0	0.343	0.06
2023-03-04 00:07:42.251959	75.7	7.0	10	0.2	0	0.343	0.06
2023-03-04 00:07:43.261510	76.7	7.1	9	0.2	0	0.343	0.06
2023-03-04 00:07:44.264234	77.7	7.2	9	0.2	0	0.343	0.08
2023-03-04 00:07:45.275071	78.7	7.3	10	0.2	0	0.343	0.08
2023-03-04 00:07:46.317280	79.7	7.4	10	0.2	0	0.363	0.08
2023-03-04 00:07:47.336849	80.7	7.5	9	0.2	0	0.363	0.08
2023-03-04 00:07:48.341987	81.7	7.6	10	0.2	0	0.363	0.08
2023-03-04 00:07:49.358776	82.8	7.7	11	0.3	0	0.363	0.08
2023-03-04 00:07:50.409624	83.8	7.8	8	0.4	0	0.363	0.081
2023-03-04 00:07:51.417011	84.8	7.9	9	0.2	0	0.365	0.101
2023-03-04 00:07:52.441568	85.8	8.0	9	0.2	0	0.365	0.101
2023-03-04 00:07:53.464359	86.9	8.1	10	0.2	0	0.387	0.101
2023-03-04 00:07:54.470555	87.9	8.2	9	0.2	0	0.387	0.101
2023-03-04 00:07:55.489313	88.9	8.3	10	0.3	0	0.387	0.101
2023-03-04 00:07:56.520641	89.9	8.4	10	0.3	0	0.387	0.101
2023-03-04 00:07:57.537443	90.9	8.5	9	0.2	0	0.389	0.121
2023-03-04 00:07:58.544073	91.9	8.6	10	0.2	0	0.389	0.121
2023-03-04 00:07:59.546678	92.9	8.6	9	0.2	0	0.404	0.121
2023-03-04 00:08:00.549381	93.9	8.7	9	0.2	0	0.404	0.121
2023-03-04 00:08:01.552154	95.0	8.8	11	0.2	0	0.404	0.121
2023-03-04 00:08:02.554330	96.0	8.9	9	0.3	0	0.404	0.121
2023-03-04 00:08:03.556944	97.0	9.0	8	0.4	0	0.404	0.121
2023-03-04 00:08:04.559639	98.0	9.1	11	0.2	0	0.404	0.141
2023-03-04 00:08:05.562093	99.0	9.2	8	0.2	0	0.404	0.141
2023-03-04 00:08:06.579322	100.0	9.3	11	0.2	0	0.42	0.141
2023-03-04 00:08:07.586058	101.0	9.4	9	0.2	0	0.42	0.141
2023-03-04 00:08:08.588860	102.0	9.5	10	0.3	0	0.42	0.141
2023-03-04 00:08:09.591591	103.0	9.6	10	0.2	0	0.42	0.141
2023-03-04 00:08:10.594163	104.0	9.7	10	0.2	0	0.42	0.161
2023-03-04 00:08:11.596840	105.0	9.8	8	0.2	0	0.42	0.161
2023-03-04 00:08:12.599615	106.0	9.9	10	0.2	0	0.437	0.161
2023-03-04 00:08:13.602922	107.0	10.0	9	0.2	0	0.437	0.161
2023-03-04 00:08:14.608361	108.0	10.1	10	0.3	0	0.437	0.161
2023-03-04 00:08:15.611078	109.0	10.2	11	0.2	0	0.437	0.161
2023-03-04 00:08:16.613167	110.0	10.3	8	0.2	0	0.437	0.181
2023-03-04 00:08:17.633328	111.0	10.4	10	0.2	0	0.437	0.181
2023-03-04 00:08:18.636195	112.0	10.5	10	0.2	0	0.454	0.181
2023-03-04 00:08:19.638752	113.0	10.6	9	0.2	0	0.454	0.181
2023-03-04 00:08:20.641603	114.0	10.7	10	0.2	0	0.454	0.181
2023-03-04 00:08:21.646158	115.0	10.8	10	0.3	0	0.454	0.181
2023-03-04 00:08:22.654075	116.1	10.8	8	0.2	0	0.454	0.181
2023-03-04 00:08:23.659934	117.1	10.9	9	0.2	0	0.454	0.201
2023-03-04 00:08:24.664710	118.1	11.0	10	0.4	0	0.454	0.201
2023-03-04 00:08:25.692110	119.1	11.1	10	0.2	0	0.47	0.201
2023-03-04 00:08:26.711099	120.1	11.2	10	0.2	0	0.47	0.201
2023-03-04 00:08:27.740655	121.1	11.3	10	0.3	0	0.47	0.201
2023-03-04 00:08:28.763936	122.2	11.4	10	0.2	0	0.47	0.201
2023-03-04 00:08:29.784420	123.2	11.5	9	0.2	0	0.471	0.221
2023-03-04 00:08:30.807329	124.2	11.6	10	0.2	0	0.471	0.221
2023-03-04 00:08:31.814835	125.2	11.7	10	0.2	0	0.487	0.221
2023-03-04 00:08:32.817511	126.2	11.8	11	0.2	0	0.487	0.221
2023-03-04 00:08:33.820147	127.2	11.9	10	0.3	0	0.487	0.221
2023-03-04 00:08:34.825838	128.2	12.0	10	0.4	0	0.488	0.221
2023-03-04 00:08:35.831281	129.2	12.1	11	0.2	0	0.488	0.242
2023-03-04 00:08:36.840221	130.2	12.2	11	0.2	0	0.505	0.242
2023-03-04 00:08:37.843169	131.2	12.4	12	0.2	0	0.505	0.242
2023-03-04 00:08:38.845915	132.2	12.5	11	0.2	0	0.505	0.242
2023-03-04 00:08:39.854921	133.3	12.6	13	0.2	0	0.505	0.242
2023-03-04 00:08:40.860486	134.3	12.7	12	0.2	0	0.506	0.262
2023-03-04 00:08:41.884077	135.3	12.8	12	0.2	0	0.523	0.262
2023-03-04 00:08:42.891256	136.3	13.0	14	0.2	0	0.524	0.262
2023-03-04 00:08:43.900241	137.3	13.1	13	0.3	0	0.524	0.262
2023-03-04 00:08:44.906947	138.3	13.2	12	0.4	0	0.524	0.262
2023-03-04 00:08:45.934521	139.3	13.4	13	0.2	0	0.524	0.282
2023-03-04 00:08:46.959461	140.4	13.5	13	0.2	0	0.542	0.282
2023-03-04 00:08:47.966305	141.4	13.6	13	0.2	0	0.542	0.282
2023-03-04 00:08:48.999004	142.4	13.7	10	0.3	0	0.542	0.282
2023-03-04 00:08:50.007238	143.4	13.8	11	0.2	0	0.543	0.282
2023-03-04 00:08:51.023727	144.4	13.9	10	0.2	0	0.543	0.302
2023-03-04 00:08:52.043801	145.4	14.0	11	0.2	0	0.544	0.302
2023-03-04 00:08:53.063764	146.5	14.1	9	0.2	0	0.562	0.302
2023-03-04 00:08:54.095460	147.5	14.2	10	0.2	0	0.562	0.302
2023-03-04 00:08:55.119465	148.5	14.3	10	0.2	0	0.562	0.302
2023-03-04 00:08:56.155249	149.6	14.4	9	0.3	0	0.563	0.302
2023-03-04 00:08:57.192030	150.6	14.5	11	0.2	0	0.565	0.322
2023-03-04 00:08:58.199661	151.6	14.6	10	0.2	0	0.565	0.322
2023-03-04 00:08:59.208351	152.6	14.7	9	0.2	0	0.583	0.322
2023-03-04 00:09:00.217879	153.6	14.8	10	0.2	0	0.585	0.322
2023-03-04 00:09:01.228288	154.6	14.9	10	0.2	0	0.585	0.322
2023-03-04 00:09:02.261368	155.7	15.0	9	0.3	0	0.586	0.322
2023-03-04 00:09:03.292542	156.7	15.1	10	0.2	0	0.586	0.322
2023-03-04 00:09:04.305785	157.7	15.2	10	0.2	0	0.589	0.342
2023-03-04 00:09:05.311753	158.7	15.3	10	0.2	0	0.589	0.342
2023-03-04 00:09:06.333140	159.7	15.4	9	0.2	0	0.607	0.342
2023-03-04 00:09:07.353439	160.8	15.5	10	0.2	0	0.607	0.342
2023-03-04 00:09:08.364945	161.8	15.6	9	0.2	0	0.608	0.342
2023-03-04 00:09:09.399938	162.8	15.7	10	0.3	0	0.608	0.342
2023-03-04 00:09:10.413568	163.8	15.8	9	0.2	0	0.608	0.353
2023-03-04 00:09:11.427489	164.8	15.9	10	0.2	0	0.609	0.362
2023-03-04 00:09:12.435541	165.8	16.0	9	0.2	0	0.609	0.362
2023-03-04 00:09:13.545949	166.9	16.1	9	0.2	0	0.63	0.362
2023-03-04 00:09:14.560661	168.0	16.2	11	0.3	0	0.63	0.362
2023-03-04 00:09:15.571428	169.0	16.3	9	0.3	0	0.63	0.362
2023-03-04 00:09:16.582486	170.0	16.4	10	0.2	0	0.63	0.362
2023-03-04 00:09:17.589865	171.0	16.5	10	0.2	0	0.633	0.382
2023-03-04 00:09:18.654489	172.1	16.6	10	0.2	0	0.633	0.382
2023-03-04 00:09:19.667747	173.1	16.7	10	0.2	0	0.653	0.382
2023-03-04 00:09:20.670768	174.1	16.8	10	0.2	0	0.653	0.382
2023-03-04 00:09:21.674940	175.1	16.9	9	0.2	0	0.653	0.382
2023-03-04 00:09:22.686893	176.1	17.0	11	0.3	0	0.653	0.382
2023-03-04 00:09:23.711833	177.1	17.0	7	0.2	0	0.655	0.382
2023-03-04 00:09:24.755444	178.2	17.1	11	0.2	0	0.656	0.403
2023-03-04 00:09:25.838108	179.2	17.2	8	0.2	0	0.659	0.403
2023-03-04 00:09:26.853088	180.3	17.4	11	0.2	0	0.677	0.403
2023-03-04 00:09:27.885951	181.3	17.4	9	0.2	0	0.677	0.403
2023-03-04 00:09:28.907657	182.3	17.5	10	0.3	0	0.678	0.403
2023-03-04 00:09:29.923857	183.3	17.6	11	0.2	0	0.679	0.403
2023-03-04 00:09:30.939681	184.3	17.7	9	0.2	0	0.679	0.423
2023-03-04 00:09:31.955987	185.4	17.8	9	0.2	0	0.679	0.423
2023-03-04 00:09:32.995249	186.4	17.9	10	0.2	0	0.699	0.423
2023-03-04 00:09:34.045486	187.4	18.0	10	0.2	0	0.699	0.423
2023-03-04 00:09:35.130031	188.5	18.1	9	0.2	0	0.699	0.423
2023-03-04 00:09:36.208302	189.6	18.2	9	0.3	0	0.701	0.423
2023-03-04 00:09:37.220715	190.6	18.3	10	0.2	0	0.701	0.443
2023-03-04 00:09:38.227263	191.6	18.4	10	0.2	0	0.701	0.443
2023-03-04 00:09:39.308315	192.7	18.5	9	0.2	0	0.721	0.443
2023-03-04 00:09:40.419034	193.8	18.6	10	0.2	0	0.729	0.443
2023-03-04 00:09:41.450479	194.8	18.7	9	0.2	0	0.729	0.443
2023-03-04 00:09:42.476058	195.9	18.8	11	0.3	0	0.729	0.443
2023-03-04 00:09:43.511188	196.9	18.9	10	0.2	0	0.73	0.443
2023-03-04 00:09:44.547855	197.9	19.0	9	0.2	0	0.73	0.463
2023-03-04 00:09:45.574891	199.0	19.1	11	0.2	0	0.732	0.463
2023-03-04 00:09:46.617181	200.0	19.2	9	0.2	0	0.752	0.463
2023-03-04 00:09:47.626445	201.0	19.3	10	0.2	0	0.752	0.463
2023-03-04 00:09:48.659540	202.1	19.4	10	0.2	0	0.752	0.463
2023-03-04 00:09:49.703008	203.1	19.5	10	0.3	0	0.753	0.463
2023-03-04 00:09:50.714187	204.1	19.6	9	0.2	0	0.754	0.483
2023-03-04 00:09:51.716801	205.1	19.7	11	0.2	0	0.754	0.483
2023-03-04 00:09:52.718933	206.1	19.8	8	0.2	0	0.769	0.483
2023-03-04 00:09:53.721464	207.1	19.9	11	0.2	0	0.769	0.483
2023-03-04 00:09:54.753318	208.2	20.0	9	0.2	0	0.769	0.483
2023-03-04 00:09:55.784214	209.2	20.1	10	0.3	0	0.769	0.483
2023-03-04 00:09:56.816540	210.2	20.2	10	0.4	0	0.769	0.483
2023-03-04 00:09:57.853269	211.3	20.3	10	0.2	0	0.769	0.503
2023-03-04 00:09:58.887021	212.3	20.4	10	0.4	0	0.77	0.503
2023-03-04 00:09:59.898189	213.3	20.5	10	0.2	0	0.788	0.503
2023-03-04 00:10:00.933592	214.3	20.6	9	0.3	0	0.789	0.503
2023-03-04 00:10:01.971834	215.4	20.7	10	0.3	0	0.79	0.503
2023-03-04 00:10:02.979925	216.4	20.8	10	0.2	0	0.79	0.503
2023-03-04 00:10:04.040069	217.4	20.9	10	0.2	0	0.79	0.523
2023-03-04 00:10:05.069633	218.5	21.0	9	0.2	0	0.791	0.523
2023-03-04 00:10:06.110980	219.5	21.1	11	0.2	0	0.809	0.523
2023-03-04 00:10:07.163009	220.6	21.2	8	0.2	0	0.809	0.523
2023-03-04 00:10:08.196997	221.6	21.3	10	0.2	0	0.81	0.523
2023-03-04 00:10:09.234671	222.6	21.4	10	0.3	0	0.81	0.523
2023-03-04 00:10:10.267574	223.7	21.5	10	0.2	0	0.811	0.544
2023-03-04 00:10:11.275713	224.7	21.6	10	0.2	0	0.811	0.544
2023-03-04 00:10:12.316293	225.7	21.7	10	0.2	0	0.83	0.544
2023-03-04 00:10:13.359997	226.8	21.8	9	0.2	0	0.83	0.544
2023-03-04 00:10:14.393872	227.8	21.9	11	0.2	0	0.83	0.544
2023-03-04 00:10:15.449652	228.8	22.0	10	0.3	0	0.83	0.544
2023-03-04 00:10:16.501552	229.9	22.1	8	0.2	0	0.83	0.544
2023-03-04 00:10:17.564887	231.0	22.2	10	0.2	0	0.831	0.564
2023-03-04 00:10:18.593580	232.0	22.3	10	0.2	0	0.831	0.564
