Date and time (UTC)	Real time (s)	CPU time (s)	CPU (%)	Memory (GB)	Memory (%)	Disk read (GB)	Disk write (GB)
2023-03-02 08:38:40.580120	1.0	0.1	0	0.0	0	0.251	0.0
2023-03-02 08:38:41.583273	2.0	0.2	12	0.0	0	0.283	0.0
2023-03-02 08:38:42.586557	3.0	0.4	12	0.1	0	0.288	0.0
2023-03-02 08:38:43.588362	4.0	0.5	12	0.1	0	0.288	0.0
2023-03-02 08:38:44.590924	5.0	0.6	12	0.2	0	0.379	0.0
2023-03-02 08:38:45.593953	6.0	0.7	13	0.3	0	0.383	0.0
2023-03-02 08:38:46.596586	7.0	0.9	14	0.3	0	0.383	0.0
2023-03-02 08:38:47.599781	8.0	1.0	14	0.3	0	0.384	0.0
2023-03-02 08:38:48.602392	9.0	1.2	14	0.3	0	0.384	0.0
2023-03-02 08:38:49.605262	10.0	1.3	13	0.3	0	0.384	0.0
2023-03-02 08:38:50.608202	11.0	1.4	12	0.3	0	0.384	0.0
2023-03-02 08:38:51.610372	12.0	1.5	13	0.4	0	0.384	0.0
2023-03-02 08:38:52.612835	13.0	1.7	13	0.5	0	0.384	0.0
2023-03-02 08:38:53.636720	14.1	1.8	14	0.5	0	0.384	0.0
2023-03-02 08:38:54.648635	15.1	2.0	15	0.4	0	0.384	0.0
2023-03-02 08:38:55.670103	16.1	2.1	13	0.5	0	0.384	0.0
2023-03-02 08:38:56.694870	17.1	2.2	14	0.5	0	0.384	0.0
2023-03-02 08:38:57.726718	18.2	2.4	14	0.6	0	0.384	0.0
2023-03-02 08:38:58.740267	19.2	2.5	14	0.4	0	0.384	0.0
2023-03-02 08:38:59.765228	20.2	2.6	14	0.4	0	0.384	0.0
2023-03-02 08:39:00.785563	21.2	2.8	14	0.4	0	0.385	0.0
2023-03-02 08:39:01.795773	22.2	2.9	13	0.2	0	0.539	0.02
2023-03-02 08:39:02.814548	23.2	3.1	14	0.3	0	0.541	0.02
2023-03-02 08:39:03.828073	24.3	3.2	14	0.4	0	0.541	0.02
2023-03-02 08:39:04.830275	25.3	3.3	14	0.4	0	0.541	0.02
2023-03-02 08:39:05.855481	26.3	3.5	14	0.4	0	0.541	0.02
2023-03-02 08:39:06.870301	27.3	3.6	13	0.4	0	0.541	0.02
2023-03-02 08:39:07.887065	28.3	3.8	14	0.4	0	0.541	0.02
2023-03-02 08:39:08.903886	29.3	3.9	14	0.4	0	0.541	0.02
2023-03-02 08:39:09.913732	30.3	4.0	12	0.5	0	0.541	0.02
2023-03-02 08:39:10.920202	31.3	4.1	12	0.5	0	0.541	0.02
2023-03-02 08:39:11.926540	32.4	4.2	12	0.5	0	0.541	0.02
2023-03-02 08:39:12.941108	33.4	4.4	12	0.5	0	0.541	0.02
2023-03-02 08:39:13.954097	34.4	4.5	13	0.7	0	0.541	0.02
2023-03-02 08:39:14.959288	35.4	4.6	11	0.7	0	0.541	0.02
2023-03-02 08:39:15.988624	36.4	4.8	15	0.5	0	0.541	0.02
2023-03-02 08:39:17.004317	37.4	4.9	13	0.5	0	0.541	0.02
2023-03-02 08:39:18.018916	38.4	5.0	15	0.6	0	0.541	0.02
2023-03-02 08:39:19.045092	39.5	5.2	15	0.7	0	0.541	0.02
2023-03-02 08:39:20.062324	40.5	5.3	12	0.7	0	0.541	0.02
2023-03-02 08:39:21.083693	41.5	5.5	15	0.8	0	0.541	0.02
2023-03-02 08:39:22.100138	42.5	5.6	13	0.3	0	0.541	0.02
2023-03-02 08:39:23.112909	43.5	5.7	15	0.5	0	0.541	0.02
2023-03-02 08:39:24.128427	44.6	5.9	14	0.5	0	0.541	0.02
2023-03-02 08:39:25.144297	45.6	6.0	14	0.5	0	0.541	0.02
2023-03-02 08:39:26.159677	46.6	6.2	14	0.2	0	0.541	0.02
2023-03-02 08:39:27.168757	47.6	6.3	10	0.2	0	0.557	0.04
2023-03-02 08:39:28.172411	48.6	6.4	14	0.2	0	0.557	0.04
2023-03-02 08:39:29.174418	49.6	6.5	13	0.2	0	0.557	0.04
2023-03-02 08:39:30.207120	50.6	6.7	12	0.2	0	0.557	0.06
2023-03-02 08:39:31.218450	51.6	6.8	12	0.2	0	0.557	0.06
2023-03-02 08:39:32.239423	52.7	6.9	10	0.2	0	0.574	0.06
2023-03-02 08:39:33.264298	53.7	7.0	11	0.2	0	0.574	0.06
2023-03-02 08:39:34.297188	54.7	7.1	12	0.2	0	0.574	0.06
2023-03-02 08:39:35.303107	55.7	7.2	10	0.2	0	0.575	0.074
2023-03-02 08:39:36.305830	56.7	7.3	12	0.2	0	0.575	0.08
2023-03-02 08:39:37.307768	57.7	7.5	13	0.2	0	0.59	0.08
2023-03-02 08:39:38.322835	58.7	7.6	12	0.3	0	0.59	0.08
2023-03-02 08:39:39.334758	59.8	7.7	10	0.3	0	0.59	0.08
2023-03-02 08:39:40.363449	60.8	7.8	11	0.6	0	0.591	0.081
2023-03-02 08:39:41.370577	61.8	7.9	11	0.2	0	0.592	0.101
2023-03-02 08:39:42.373240	62.8	8.0	12	0.2	0	0.608	0.101
2023-03-02 08:39:43.375988	63.8	8.1	12	0.2	0	0.608	0.101
2023-03-02 08:39:44.378505	64.8	8.2	12	0.3	0	0.608	0.101
2023-03-02 08:39:45.381086	65.8	8.4	11	0.2	0	0.608	0.101
2023-03-02 08:39:46.383478	66.8	8.5	12	0.2	0	0.608	0.121
2023-03-02 08:39:47.385990	67.8	8.6	11	0.2	0	0.626	0.121
2023-03-02 08:39:48.412456	68.8	8.7	13	0.2	0	0.626	0.121
2023-03-02 08:39:49.465328	69.9	8.8	11	0.3	0	0.626	0.121
2023-03-02 08:39:50.479170	70.9	8.9	11	0.6	0	0.626	0.121
2023-03-02 08:39:51.511916	71.9	9.1	13	0.2	0	0.626	0.141
2023-03-02 08:39:52.518212	72.9	9.2	13	0.2	0	0.642	0.141
2023-03-02 08:39:53.520811	73.9	9.3	12	0.3	0	0.642	0.141
2023-03-02 08:39:54.527020	75.0	9.4	12	0.3	0	0.642	0.141
2023-03-02 08:39:55.529844	76.0	9.6	10	0.4	0	0.642	0.141
2023-03-02 08:39:56.532646	77.0	9.7	11	0.2	0	0.642	0.161
2023-03-02 08:39:57.542151	78.0	9.8	11	0.2	0	0.661	0.161
2023-03-02 08:39:58.544632	79.0	9.9	11	0.2	0	0.661	0.161
2023-03-02 08:39:59.550778	80.0	10.0	11	0.2	0	0.661	0.161
2023-03-02 08:40:00.555912	81.0	10.1	10	0.3	0	0.661	0.161
2023-03-02 08:40:01.557734	82.0	10.2	11	0.2	0	0.661	0.181
2023-03-02 08:40:02.559959	83.0	10.3	11	0.2	0	0.661	0.181
2023-03-02 08:40:03.562001	84.0	10.4	11	0.2	0	0.676	0.181
2023-03-02 08:40:04.564067	85.0	10.6	14	0.2	0	0.676	0.181
2023-03-02 08:40:05.566163	86.0	10.7	14	0.2	0	0.676	0.181
2023-03-02 08:40:06.568577	87.0	10.7	4	0.2	0	0.676	0.201
2023-03-02 08:40:07.573057	88.0	10.9	13	0.2	0	0.676	0.201
2023-03-02 08:40:08.574943	89.0	11.0	12	0.2	0	0.692	0.201
2023-03-02 08:40:09.578477	90.0	11.1	13	0.2	0	0.692	0.201
2023-03-02 08:40:10.581033	91.0	11.2	12	0.3	0	0.692	0.201
2023-03-02 08:40:11.583001	92.0	11.3	11	0.2	0	0.692	0.221
2023-03-02 08:40:12.584359	93.0	11.5	12	0.4	0	0.692	0.221
2023-03-02 08:40:13.586258	94.0	11.6	11	0.2	0	0.707	0.221
2023-03-02 08:40:14.588031	95.0	11.7	12	0.2	0	0.707	0.221
2023-03-02 08:40:15.590032	96.0	11.8	13	0.3	0	0.707	0.221
2023-03-02 08:40:16.591927	97.0	11.9	11	0.2	0	0.707	0.242
2023-03-02 08:40:17.595346	98.0	12.1	12	0.2	0	0.707	0.242
2023-03-02 08:40:18.598142	99.0	12.2	12	0.2	0	0.723	0.242
2023-03-02 08:40:19.604870	100.0	12.3	11	0.2	0	0.723	0.242
2023-03-02 08:40:20.607683	101.0	12.4	13	0.2	0	0.723	0.242
2023-03-02 08:40:21.609416	102.0	12.5	11	0.2	0	0.723	0.262
2023-03-02 08:40:22.612600	103.0	12.6	12	0.2	0	0.723	0.262
2023-03-02 08:40:23.615254	104.0	12.8	11	0.2	0	0.738	0.262
2023-03-02 08:40:24.618987	105.0	12.9	11	0.2	0	0.738	0.262
2023-03-02 08:40:25.620918	106.0	13.0	12	0.3	0	0.738	0.262
2023-03-02 08:40:26.623944	107.1	13.1	12	0.2	0	0.738	0.282
2023-03-02 08:40:27.626612	108.1	13.2	11	0.2	0	0.738	0.282
2023-03-02 08:40:28.627957	109.1	13.3	12	0.2	0	0.754	0.282
2023-03-02 08:40:29.631024	110.1	13.4	10	0.2	0	0.754	0.282
2023-03-02 08:40:30.633963	111.1	13.5	10	0.3	0	0.754	0.282
2023-03-02 08:40:31.637567	112.1	13.6	10	0.4	0	0.754	0.282
2023-03-02 08:40:32.640768	113.1	13.7	9	0.2	0	0.754	0.302
2023-03-02 08:40:33.644100	114.1	13.8	10	0.2	0	0.754	0.302
2023-03-02 08:40:34.647257	115.1	13.9	11	0.2	0	0.77	0.302
2023-03-02 08:40:35.650522	116.1	14.0	10	0.2	0	0.77	0.302
2023-03-02 08:40:36.653737	117.1	14.1	9	0.3	0	0.77	0.302
2023-03-02 08:40:37.657241	118.1	14.2	11	0.2	0	0.77	0.302
2023-03-02 08:40:38.660489	119.1	14.3	10	0.2	0	0.77	0.322
2023-03-02 08:40:39.662569	120.1	14.5	12	0.2	0	0.77	0.322
2023-03-02 08:40:40.664851	121.1	14.6	13	0.2	0	0.785	0.322
2023-03-02 08:40:41.668128	122.1	14.7	12	0.2	0	0.785	0.322
2023-03-02 08:40:42.671344	123.1	14.8	11	0.3	0	0.785	0.322
2023-03-02 08:40:43.674577	124.1	14.9	11	0.2	0	0.785	0.342
2023-03-02 08:40:44.677085	125.1	15.0	11	0.2	0	0.785	0.342
2023-03-02 08:40:45.688273	126.1	15.2	11	0.2	0	0.801	0.342
2023-03-02 08:40:46.702727	127.1	15.3	12	0.2	0	0.801	0.342
2023-03-02 08:40:47.708202	128.1	15.4	12	0.3	0	0.801	0.342
2023-03-02 08:40:48.711514	129.1	15.5	11	0.2	0	0.802	0.362
2023-03-02 08:40:49.713967	130.1	15.6	11	0.2	0	0.802	0.362
2023-03-02 08:40:50.716169	131.1	15.7	13	0.2	0	0.82	0.362
2023-03-02 08:40:51.718642	132.1	15.9	13	0.2	0	0.82	0.362
2023-03-02 08:40:52.722021	133.1	16.0	13	0.3	0	0.82	0.362
2023-03-02 08:40:53.725823	134.2	16.1	11	0.2	0	0.82	0.382
2023-03-02 08:40:54.729178	135.2	16.2	12	0.2	0	0.82	0.382
2023-03-02 08:40:55.732231	136.2	16.4	14	0.2	0	0.835	0.382
2023-03-02 08:40:56.734640	137.2	16.5	13	0.2	0	0.835	0.382
2023-03-02 08:40:57.738498	138.2	16.6	13	0.2	0	0.835	0.382
2023-03-02 08:40:58.740965	139.2	16.8	13	0.2	0	0.835	0.402
2023-03-02 08:40:59.743160	140.2	16.9	11	0.2	0	0.836	0.402
2023-03-02 08:41:00.745323	141.2	17.0	12	0.2	0	0.852	0.402
2023-03-02 08:41:01.751939	142.2	17.1	11	0.2	0	0.852	0.402
2023-03-02 08:41:02.754901	143.2	17.2	11	0.3	0	0.852	0.402
2023-03-02 08:41:03.760033	144.2	17.3	13	0.2	0	0.852	0.422
2023-03-02 08:41:04.764966	145.2	17.4	11	0.2	0	0.852	0.422
2023-03-02 08:41:05.769272	146.2	17.6	10	0.2	0	0.869	0.422
2023-03-02 08:41:06.772747	147.2	17.7	12	0.2	0	0.869	0.422
2023-03-02 08:41:07.776000	148.2	17.8	11	0.3	0	0.869	0.422
2023-03-02 08:41:08.779463	149.2	17.9	13	0.4	0	0.869	0.422
2023-03-02 08:41:09.781659	150.2	18.1	14	0.2	0	0.87	0.443
2023-03-02 08:41:10.783712	151.2	18.2	13	0.2	0	0.886	0.443
2023-03-02 08:41:11.785936	152.2	18.3	15	0.2	0	0.886	0.443
2023-03-02 08:41:12.788193	153.2	18.5	13	0.2	0	0.886	0.443
2023-03-02 08:41:13.790367	154.2	18.6	14	0.2	0	0.886	0.463
2023-03-02 08:41:14.792350	155.2	18.7	13	0.2	0	0.901	0.463
2023-03-02 08:41:15.796266	156.2	18.9	13	0.3	0	0.901	0.463
2023-03-02 08:41:16.799778	157.2	19.0	15	0.3	0	0.901	0.463
2023-03-02 08:41:17.802077	158.2	19.1	13	0.2	0	0.901	0.483
2023-03-02 08:41:18.804320	159.2	19.3	12	0.2	0	0.901	0.483
2023-03-02 08:41:19.806366	160.2	19.4	16	0.2	0	0.917	0.483
2023-03-02 08:41:20.807963	161.2	19.6	13	0.3	0	0.917	0.483
2023-03-02 08:41:21.810094	162.2	19.7	15	0.2	0	0.917	0.503
2023-03-02 08:41:22.812182	163.2	19.8	12	0.2	0	0.917	0.503
2023-03-02 08:41:23.814208	164.2	20.0	14	0.2	0	0.933	0.503
2023-03-02 08:41:24.816478	165.2	20.1	13	0.2	0	0.933	0.503
2023-03-02 08:41:25.817926	166.2	20.2	15	0.2	0	0.933	0.503
2023-03-02 08:41:26.820072	167.2	20.3	3	0.2	0	0.933	0.523
2023-03-02 08:41:27.822197	168.2	20.4	15	0.2	0	0.933	0.523
2023-03-02 08:41:28.824661	169.3	20.5	11	0.2	0	0.949	0.523
2023-03-02 08:41:29.828194	170.3	20.6	12	0.2	0	0.949	0.523
2023-03-02 08:41:30.831272	171.3	20.8	11	0.3	0	0.949	0.523
2023-03-02 08:41:31.834473	172.3	20.9	12	0.2	0	0.949	0.543
2023-03-02 08:41:32.837788	173.3	21.0	11	0.2	0	0.949	0.543
