Date and time (UTC)	Real time (s)	CPU time (s)	CPU (%)	Memory (GB)	Memory (%)	Disk read (GB)	Disk write (GB)
2023-03-02 08:39:30.871060	1.0	0.1	0	0.0	0	0.113	0.0
2023-03-02 08:39:31.881274	2.0	0.2	10	0.1	0	0.115	0.0
2023-03-02 08:39:32.887524	3.0	0.3	11	0.1	0	0.115	0.0
2023-03-02 08:39:33.987105	4.1	0.4	9	0.2	0	0.118	0.0
2023-03-02 08:39:35.022896	5.2	0.6	14	0.2	0	0.119	0.0
2023-03-02 08:39:36.057471	6.2	0.7	12	0.2	0	0.119	0.0
2023-03-02 08:39:37.065489	7.2	0.8	10	0.2	0	0.119	0.003
2023-03-02 08:39:38.092110	8.2	0.9	13	0.2	0	0.119	0.003
2023-03-02 08:39:39.122718	9.3	1.0	11	0.2	0	0.119	0.003
2023-03-02 08:39:40.131434	10.3	1.1	11	0.2	0	0.119	0.003
2023-03-02 08:39:41.134266	11.3	1.2	11	0.2	0	0.121	0.003
2023-03-02 08:39:42.160349	12.3	1.4	12	0.3	0	0.156	0.003
2023-03-02 08:39:43.182349	13.3	1.5	12	0.3	0	0.156	0.003
2023-03-02 08:39:44.204667	14.4	1.6	9	0.2	0	0.157	0.007
2023-03-02 08:39:45.236126	15.4	1.7	12	0.2	0	0.157	0.008
2023-03-02 08:39:46.242777	16.4	1.8	13	0.2	0	0.158	0.008
2023-03-02 08:39:47.262675	17.4	1.9	12	0.2	0	0.158	0.008
2023-03-02 08:39:48.281336	18.4	2.1	12	0.2	0	0.158	0.008
2023-03-02 08:39:49.288615	19.4	2.2	12	0.2	0	0.158	0.008
2023-03-02 08:39:50.311523	20.5	2.3	12	0.2	0	0.158	0.008
2023-03-02 08:39:51.324369	21.5	2.4	12	0.2	0	0.158	0.008
2023-03-02 08:39:52.329669	22.5	2.5	12	0.2	0	0.158	0.008
2023-03-02 08:39:53.343198	23.5	2.7	12	0.2	0	0.158	0.008
2023-03-02 08:39:54.362879	24.5	2.8	13	0.2	0	0.158	0.008
2023-03-02 08:39:55.370472	25.5	2.9	11	0.2	0	0.158	0.008
2023-03-02 08:39:56.391676	26.5	3.0	10	0.2	0	0.158	0.008
2023-03-02 08:39:57.476473	27.6	3.1	11	0.2	0	0.158	0.008
2023-03-02 08:39:58.485333	28.6	3.2	11	0.2	0	0.158	0.008
2023-03-02 08:39:59.494103	29.6	3.3	10	0.2	0	0.158	0.008
2023-03-02 08:40:00.504803	30.7	3.4	12	0.2	0	0.158	0.008
2023-03-02 08:40:01.507276	31.7	3.5	10	0.2	0	0.158	0.008
2023-03-02 08:40:02.509276	32.7	3.7	11	0.2	0	0.158	0.008
2023-03-02 08:40:03.511406	33.7	3.8	12	0.2	0	0.158	0.008
2023-03-02 08:40:04.514064	34.7	3.9	13	0.2	0	0.158	0.008
2023-03-02 08:40:05.516184	35.7	4.0	15	0.2	0	0.158	0.008
2023-03-02 08:40:06.518221	36.7	4.2	18	0.2	0	0.158	0.008
2023-03-02 08:40:07.520597	37.7	4.4	14	0.2	0	0.158	0.008
2023-03-02 08:40:08.522922	38.7	4.5	12	0.2	0	0.158	0.008
2023-03-02 08:40:09.525269	39.7	4.6	12	0.2	0	0.158	0.008
2023-03-02 08:40:10.528627	40.7	4.7	12	0.2	0	0.158	0.008
2023-03-02 08:40:11.531372	41.7	4.9	12	0.2	0	0.158	0.008
2023-03-02 08:40:12.533892	42.7	5.0	12	0.2	0	0.158	0.008
2023-03-02 08:40:13.536284	43.7	5.1	12	0.2	0	0.158	0.008
2023-03-02 08:40:14.538324	44.7	5.2	13	0.2	0	0.158	0.008
2023-03-02 08:40:15.540769	45.7	5.3	12	0.2	0	0.158	0.008
2023-03-02 08:40:16.543219	46.7	5.5	11	0.2	0	0.158	0.008
2023-03-02 08:40:17.546693	47.7	5.6	13	0.2	0	0.158	0.008
2023-03-02 08:40:18.549536	48.7	5.7	12	0.2	0	0.158	0.008
2023-03-02 08:40:19.552007	49.7	5.8	12	0.2	0	0.158	0.008
2023-03-02 08:40:20.554517	50.7	5.9	11	0.2	0	0.158	0.008
2023-03-02 08:40:21.558044	51.7	6.1	13	0.2	0	0.158	0.008
2023-03-02 08:40:22.561303	52.7	6.2	11	0.2	0	0.158	0.008
2023-03-02 08:40:23.564431	53.7	6.3	11	0.2	0	0.158	0.008
2023-03-02 08:40:24.568271	54.7	6.4	11	0.2	0	0.158	0.008
2023-03-02 08:40:25.571533	55.7	6.5	11	0.2	0	0.158	0.008
2023-03-02 08:40:26.575125	56.7	6.6	12	0.2	0	0.158	0.008
2023-03-02 08:40:27.577521	57.7	6.7	12	0.2	0	0.158	0.008
2023-03-02 08:40:28.579679	58.7	6.8	11	0.2	0	0.158	0.008
2023-03-02 08:40:29.581856	59.7	7.0	11	0.2	0	0.158	0.008
2023-03-02 08:40:30.584274	60.7	7.1	10	0.2	0	0.158	0.008
2023-03-02 08:40:31.587786	61.7	7.2	10	0.2	0	0.158	0.008
2023-03-02 08:40:32.591759	62.7	7.2	9	0.2	0	0.158	0.008
2023-03-02 08:40:33.595555	63.7	7.3	10	0.2	0	0.158	0.008
2023-03-02 08:40:34.599320	64.7	7.5	11	0.2	0	0.158	0.008
2023-03-02 08:40:35.603331	65.8	7.6	9	0.2	0	0.158	0.008
2023-03-02 08:40:36.607076	66.8	7.7	11	0.2	0	0.158	0.008
2023-03-02 08:40:37.611570	67.8	7.8	11	0.2	0	0.158	0.008
2023-03-02 08:40:38.616574	68.8	7.9	9	0.2	0	0.158	0.008
2023-03-02 08:40:39.618950	69.8	8.0	13	0.2	0	0.158	0.008
2023-03-02 08:40:40.621361	70.8	8.1	13	0.2	0	0.158	0.008
2023-03-02 08:40:41.623747	71.8	8.2	11	0.2	0	0.158	0.008
2023-03-02 08:40:42.626215	72.8	8.3	11	0.2	0	0.158	0.008
2023-03-02 08:40:43.628319	73.8	8.5	12	0.2	0	0.158	0.008
2023-03-02 08:40:44.631905	74.8	8.6	11	0.2	0	0.158	0.008
2023-03-02 08:40:45.634638	75.8	8.7	11	0.2	0	0.158	0.008
2023-03-02 08:40:46.638399	76.8	8.8	12	0.2	0	0.158	0.008
2023-03-02 08:40:47.641643	77.8	8.9	11	0.2	0	0.158	0.008
2023-03-02 08:40:48.648632	78.8	9.0	11	0.2	0	0.158	0.008
2023-03-02 08:40:49.657259	79.8	9.1	11	0.2	0	0.158	0.008
2023-03-02 08:40:50.663484	80.8	9.3	13	0.2	0	0.158	0.008
2023-03-02 08:40:51.666638	81.8	9.4	13	0.2	0	0.158	0.008
2023-03-02 08:40:52.668302	82.8	9.5	13	0.2	0	0.158	0.008
2023-03-02 08:40:53.671778	83.8	9.6	12	0.2	0	0.158	0.008
2023-03-02 08:40:54.675109	84.8	9.8	12	0.2	0	0.158	0.008
2023-03-02 08:40:55.678781	85.8	9.9	13	0.2	0	0.158	0.008
2023-03-02 08:40:56.681593	86.8	10.0	13	0.2	0	0.158	0.008
2023-03-02 08:40:57.683848	87.8	10.2	14	0.2	0	0.158	0.008
2023-03-02 08:40:58.687155	88.8	10.3	13	0.2	0	0.158	0.008
2023-03-02 08:40:59.690318	89.8	10.4	11	0.2	0	0.158	0.008
2023-03-02 08:41:00.693666	90.8	10.5	12	0.2	0	0.158	0.008
2023-03-02 08:41:01.697496	91.8	10.6	11	0.2	0	0.158	0.008
2023-03-02 08:41:02.700722	92.8	10.7	11	0.2	0	0.158	0.008
2023-03-02 08:41:03.704255	93.9	10.8	11	0.2	0	0.158	0.008
2023-03-02 08:41:04.707583	94.9	11.0	13	0.2	0	0.158	0.008
2023-03-02 08:41:05.711049	95.9	11.1	10	0.2	0	0.158	0.008
2023-03-02 08:41:06.714643	96.9	11.2	12	0.2	0	0.158	0.008
2023-03-02 08:41:07.718447	97.9	11.3	11	0.2	0	0.158	0.008
2023-03-02 08:41:08.726274	98.9	11.4	14	0.2	0	0.158	0.008
2023-03-02 08:41:09.730859	99.9	11.6	14	0.2	0	0.158	0.008
2023-03-02 08:41:10.733288	100.9	11.7	14	0.2	0	0.158	0.008
2023-03-02 08:41:11.734821	101.9	11.9	13	0.2	0	0.158	0.008
2023-03-02 08:41:12.738240	102.9	12.0	14	0.2	0	0.158	0.008
2023-03-02 08:41:13.741005	103.9	12.1	13	0.2	0	0.158	0.008
2023-03-02 08:41:14.743977	104.9	12.3	14	0.2	0	0.158	0.008
2023-03-02 08:41:15.747117	105.9	12.4	13	0.2	0	0.158	0.008
2023-03-02 08:41:16.751823	106.9	12.5	14	0.2	0	0.158	0.008
2023-03-02 08:41:17.754302	107.9	12.7	14	0.2	0	0.158	0.008
2023-03-02 08:41:18.756772	108.9	12.8	13	0.2	0	0.158	0.008
2023-03-02 08:41:19.760032	109.9	12.9	14	0.2	0	0.158	0.008
2023-03-02 08:41:20.764374	110.9	13.1	13	0.2	0	0.158	0.008
2023-03-02 08:41:21.767801	111.9	13.2	14	0.2	0	0.158	0.008
2023-03-02 08:41:22.770260	112.9	13.4	14	0.2	0	0.158	0.008
2023-03-02 08:41:23.773275	113.9	13.5	13	0.2	0	0.158	0.008
2023-03-02 08:41:24.776020	114.9	13.6	13	0.2	0	0.158	0.008
2023-03-02 08:41:25.778210	115.9	13.8	15	0.2	0	0.158	0.008
2023-03-02 08:41:26.780774	116.9	13.9	17	0.2	0	0.158	0.008
2023-03-02 08:41:27.783147	117.9	14.1	13	0.2	0	0.158	0.008
2023-03-02 08:41:28.786620	118.9	14.2	12	0.2	0	0.158	0.008
2023-03-02 08:41:29.789389	119.9	14.3	12	0.2	0	0.158	0.008
2023-03-02 08:41:30.792672	120.9	14.4	11	0.2	0	0.158	0.008
2023-03-02 08:41:31.797727	121.9	14.5	12	0.2	0	0.158	0.008
2023-03-02 08:41:32.803865	123.0	14.7	11	0.2	0	0.158	0.008
2023-03-02 08:41:33.808980	124.0	14.8	11	0.2	0	0.158	0.008
2023-03-02 08:41:34.812449	125.0	14.9	13	0.2	0	0.158	0.008
2023-03-02 08:41:35.815010	126.0	15.0	14	0.2	0	0.158	0.008
2023-03-02 08:41:36.818378	127.0	15.2	13	0.2	0	0.158	0.008
2023-03-02 08:41:37.821286	128.0	15.3	13	0.2	0	0.158	0.008
2023-03-02 08:41:38.824812	129.0	15.4	15	0.2	0	0.158	0.008
2023-03-02 08:41:39.828896	130.0	15.6	12	0.2	0	0.158	0.008
2023-03-02 08:41:40.832270	131.0	15.7	15	0.2	0	0.158	0.008
2023-03-02 08:41:41.834707	132.0	15.9	14	0.2	0	0.158	0.008
2023-03-02 08:41:42.837407	133.0	16.0	13	0.2	0	0.158	0.008
2023-03-02 08:41:43.839384	134.0	16.1	13	0.2	0	0.158	0.008
2023-03-02 08:41:44.841789	135.0	16.3	15	0.2	0	0.158	0.008
2023-03-02 08:41:45.844218	136.0	16.4	13	0.2	0	0.158	0.008
2023-03-02 08:41:46.846617	137.0	16.5	13	0.2	0	0.158	0.008
2023-03-02 08:41:47.847996	138.0	16.7	15	0.2	0	0.158	0.008
2023-03-02 08:41:48.850643	139.0	16.8	13	0.2	0	0.158	0.008
2023-03-02 08:41:49.855004	140.0	16.9	14	0.2	0	0.158	0.008
2023-03-02 08:41:50.858578	141.0	17.1	13	0.2	0	0.158	0.008
2023-03-02 08:41:51.862811	142.0	17.2	14	0.2	0	0.158	0.008
2023-03-02 08:41:52.867794	143.0	17.4	14	0.2	0	0.158	0.008
2023-03-02 08:41:53.872662	144.0	17.5	14	0.2	0	0.158	0.008
2023-03-02 08:41:54.874689	145.0	17.6	13	0.2	0	0.158	0.008
2023-03-02 08:41:55.879101	146.0	17.8	14	0.2	0	0.159	0.008
2023-03-02 08:41:56.883221	147.0	17.9	14	0.2	0	0.159	0.008
2023-03-02 08:41:57.885598	148.0	18.0	14	0.3	0	0.194	0.008
2023-03-02 08:41:58.889033	149.0	18.2	13	0.3	0	0.194	0.008
2023-03-02 08:41:59.891568	150.0	18.3	11	0.2	0	0.194	0.012
2023-03-02 08:42:00.894684	151.0	18.4	15	0.2	0	0.194	0.013
2023-03-02 08:42:01.899207	152.0	18.6	16	0.2	0	0.194	0.013
2023-03-02 08:42:02.901828	153.1	18.8	16	0.2	0	0.194	0.013
2023-03-02 08:42:03.904158	154.1	18.9	16	0.2	0	0.195	0.013
2023-03-02 08:42:04.906692	155.1	19.1	20	0.2	0	0.195	0.013
2023-03-02 08:42:05.908184	156.1	19.3	17	0.2	0	0.195	0.013
2023-03-02 08:42:06.910613	157.1	19.4	15	0.2	0	0.195	0.013
2023-03-02 08:42:07.913937	158.1	19.6	17	0.2	0	0.195	0.013
2023-03-02 08:42:08.917392	159.1	19.8	16	0.2	0	0.195	0.013
2023-03-02 08:42:09.919440	160.1	19.9	16	0.2	0	0.195	0.013
2023-03-02 08:42:10.921105	161.1	20.1	17	0.2	0	0.195	0.013
2023-03-02 08:42:11.923650	162.1	20.3	17	0.2	0	0.195	0.013
2023-03-02 08:42:12.926093	163.1	20.4	17	0.2	0	0.195	0.013
2023-03-02 08:42:13.928636	164.1	20.6	15	0.2	0	0.195	0.013
2023-03-02 08:42:14.932007	165.1	20.8	17	0.2	0	0.195	0.013
2023-03-02 08:42:15.934465	166.1	20.9	16	0.2	0	0.195	0.013
2023-03-02 08:42:16.936786	167.1	21.1	15	0.2	0	0.195	0.013
2023-03-02 08:42:17.939170	168.1	21.2	17	0.2	0	0.195	0.013
2023-03-02 08:42:18.941076	169.1	21.4	16	0.2	0	0.195	0.013
2023-03-02 08:42:19.943323	170.1	21.6	17	0.2	0	0.195	0.013
2023-03-02 08:42:20.945623	171.1	21.8	19	0.2	0	0.195	0.013
2023-03-02 08:42:21.948023	172.1	22.0	20	0.2	0	0.195	0.013
2023-03-02 08:42:22.950484	173.1	22.1	19	0.2	0	0.195	0.013
2023-03-02 08:42:23.952908	174.1	22.3	20	0.2	0	0.195	0.013
2023-03-02 08:42:24.954546	175.1	22.5	20	0.2	0	0.195	0.013
2023-03-02 08:42:25.956902	176.1	22.7	19	0.2	0	0.195	0.013
2023-03-02 08:42:26.959284	177.1	22.9	19	0.2	0	0.195	0.013
2023-03-02 08:42:27.961681	178.1	23.1	20	0.2	0	0.195	0.013
2023-03-02 08:42:28.964054	179.1	23.3	20	0.2	0	0.195	0.013
2023-03-02 08:42:29.966405	180.1	23.5	19	0.2	0	0.195	0.013
2023-03-02 08:42:30.968215	181.1	23.7	19	0.2	0	0.195	0.013
2023-03-02 08:42:31.970570	182.1	23.9	20	0.2	0	0.195	0.013
2023-03-02 08:42:32.972925	183.1	24.1	19	0.2	0	0.195	0.013
2023-03-02 08:42:33.975226	184.1	24.3	19	0.2	0	0.195	0.013
2023-03-02 08:42:34.978476	185.1	24.5	20	0.2	0	0.195	0.013
2023-03-02 08:42:35.981226	186.1	24.7	19	0.2	0	0.195	0.013
2023-03-02 08:42:36.983633	187.1	24.9	20	0.2	0	0.195	0.013
2023-03-02 08:42:37.986803	188.1	25.1	19	0.2	0	0.195	0.013
2023-03-02 08:42:38.991479	189.1	25.3	20	0.2	0	0.195	0.013
2023-03-02 08:42:39.993860	190.1	25.5	20	0.2	0	0.195	0.013
2023-03-02 08:42:40.996206	191.1	25.7	20	0.2	0	0.195	0.013
2023-03-02 08:42:41.997918	192.1	25.8	19	0.2	0	0.195	0.013
2023-03-02 08:42:43.000246	193.1	26.1	20	0.2	0	0.195	0.013
2023-03-02 08:42:44.002587	194.2	26.2	20	0.2	0	0.195	0.013
2023-03-02 08:42:45.004930	195.2	26.4	19	0.2	0	0.195	0.013
2023-03-02 08:42:46.007299	196.2	26.6	19	0.2	0	0.195	0.013
2023-03-02 08:42:47.009642	197.2	26.8	20	0.2	0	0.195	0.013
2023-03-02 08:42:48.012031	198.2	27.0	19	0.2	0	0.195	0.013
2023-03-02 08:42:49.014360	199.2	27.2	19	0.2	0	0.195	0.013
2023-03-02 08:42:50.016708	200.2	27.4	20	0.2	0	0.195	0.013
2023-03-02 08:42:51.018440	201.2	27.6	19	0.2	0	0.195	0.013
2023-03-02 08:42:52.020761	202.2	27.9	25	0.2	0	0.195	0.013
2023-03-02 08:42:53.023112	203.2	28.1	24	0.2	0	0.195	0.013
2023-03-02 08:42:54.025347	204.2	28.3	24	0.2	0	0.195	0.013
2023-03-02 08:42:55.028686	205.2	28.6	25	0.2	0	0.195	0.013
2023-03-02 08:42:56.031394	206.2	28.8	24	0.2	0	0.195	0.013
2023-03-02 08:42:57.033204	207.2	29.1	24	0.2	0	0.195	0.013
2023-03-02 08:42:58.035535	208.2	29.3	24	0.2	0	0.195	0.013
2023-03-02 08:42:59.039016	209.2	29.5	24	0.2	0	0.195	0.013
2023-03-02 08:43:00.041393	210.2	29.8	25	0.2	0	0.195	0.013
2023-03-02 08:43:01.043617	211.2	30.0	23	0.3	0	0.23	0.013
2023-03-02 08:43:02.046042	212.2	30.2	21	0.4	0	0.23	0.016
2023-03-02 08:43:03.048201	213.2	30.4	22	0.2	0	0.23	0.018
2023-03-02 08:43:04.051463	214.2	30.7	23	0.2	0	0.23	0.018
2023-03-02 08:43:05.053898	215.2	30.9	25	0.2	0	0.23	0.018
2023-03-02 08:43:06.056261	216.2	31.2	24	0.2	0	0.23	0.018
2023-03-02 08:43:07.062765	217.2	31.4	25	0.2	0	0.23	0.018
2023-03-02 08:43:08.065628	218.2	31.7	24	0.2	0	0.23	0.018
2023-03-02 08:43:09.067929	219.2	31.9	24	0.2	0	0.23	0.018
2023-03-02 08:43:10.070553	220.2	32.1	24	0.2	0	0.23	0.018
2023-03-02 08:43:11.072872	221.2	32.4	23	0.2	0	0.23	0.018
2023-03-02 08:43:12.076981	222.2	32.6	25	0.2	0	0.23	0.018
2023-03-02 08:43:13.080745	223.2	32.9	24	0.2	0	0.23	0.018
2023-03-02 08:43:14.083999	224.2	33.1	24	0.2	0	0.23	0.018
2023-03-02 08:43:15.086772	225.2	33.4	25	0.2	0	0.23	0.018
2023-03-02 08:43:16.089103	226.2	33.6	23	0.2	0	0.23	0.018
2023-03-02 08:43:17.091591	227.2	33.8	26	0.2	0	0.23	0.018
2023-03-02 08:43:18.094668	228.2	34.2	33	0.2	0	0.23	0.018
2023-03-02 08:43:19.097139	229.2	34.5	36	0.2	0	0.23	0.018
2023-03-02 08:43:20.103085	230.3	34.9	34	0.2	0	0.23	0.018
2023-03-02 08:43:21.105628	231.3	35.2	32	0.2	0	0.23	0.018
2023-03-02 08:43:22.108108	232.3	35.5	32	0.2	0	0.23	0.018
2023-03-02 08:43:23.110544	233.3	35.8	32	0.2	0	0.23	0.018
2023-03-02 08:43:24.112998	234.3	36.1	32	0.2	0	0.23	0.018
2023-03-02 08:43:25.115448	235.3	36.5	34	0.2	0	0.23	0.018
2023-03-02 08:43:26.118022	236.3	36.8	32	0.2	0	0.23	0.018
2023-03-02 08:43:27.120335	237.3	37.2	34	0.2	0	0.23	0.018
2023-03-02 08:43:28.122938	238.3	37.5	31	0.2	0	0.23	0.018
2023-03-02 08:43:29.125295	239.3	37.8	31	0.2	0	0.23	0.018
2023-03-02 08:43:30.127689	240.3	38.1	33	0.2	0	0.23	0.018
2023-03-02 08:43:31.130026	241.3	38.4	33	0.2	0	0.23	0.018
2023-03-02 08:43:32.132838	242.3	38.8	33	0.2	0	0.23	0.018
2023-03-02 08:43:33.135208	243.3	39.1	30	0.2	0	0.231	0.018
2023-03-02 08:43:34.137715	244.3	39.4	35	0.2	0	0.232	0.019
2023-03-02 08:43:35.140202	245.3	39.7	30	0.4	0	0.267	0.019
2023-03-02 08:43:36.142530	246.3	40.0	29	0.2	0	0.267	0.024
2023-03-02 08:43:37.145548	247.3	40.3	30	0.2	0	0.267	0.024
2023-03-02 08:43:38.147931	248.3	40.6	32	0.2	0	0.267	0.024
2023-03-02 08:43:39.150275	249.3	40.9	32	0.2	0	0.267	0.024
2023-03-02 08:43:40.152625	250.3	41.3	33	0.2	0	0.267	0.024
2023-03-02 08:43:41.155278	251.3	41.6	30	0.2	0	0.267	0.024
2023-03-02 08:43:42.157827	252.3	41.9	31	0.2	0	0.267	0.024
2023-03-02 08:43:43.160207	253.3	42.2	33	0.2	0	0.267	0.024
2023-03-02 08:43:44.162898	254.3	42.5	32	0.2	0	0.267	0.024
2023-03-02 08:43:45.165285	255.3	42.9	32	0.2	0	0.267	0.024
2023-03-02 08:43:46.167871	256.3	43.2	31	0.2	0	0.267	0.024
2023-03-02 08:43:47.170142	257.3	43.5	34	0.2	0	0.267	0.024
2023-03-02 08:43:48.172525	258.3	43.8	32	0.2	0	0.267	0.024
2023-03-02 08:43:49.175026	259.3	44.1	33	0.2	0	0.267	0.024
2023-03-02 08:43:50.177393	260.3	44.5	32	0.2	0	0.267	0.024
2023-03-02 08:43:51.179789	261.3	44.8	32	0.2	0	0.267	0.024
2023-03-02 08:43:52.182065	262.3	45.1	33	0.2	0	0.267	0.024
2023-03-02 08:43:53.184396	263.3	45.4	32	0.2	0	0.267	0.024
2023-03-02 08:43:54.187075	264.3	45.8	31	0.2	0	0.267	0.024
2023-03-02 08:43:55.189413	265.3	46.1	32	0.2	0	0.267	0.024
2023-03-02 08:43:56.191791	266.3	46.4	31	0.2	0	0.267	0.024
2023-03-02 08:43:57.194293	267.3	46.7	32	0.2	0	0.267	0.024
2023-03-02 08:43:58.196907	268.3	47.0	32	0.2	0	0.267	0.024
2023-03-02 08:43:59.199286	269.3	47.3	32	0.2	0	0.267	0.024
2023-03-02 08:44:00.201640	270.4	47.7	32	0.2	0	0.267	0.024
2023-03-02 08:44:01.203973	271.4	48.0	33	0.2	0	0.267	0.024
2023-03-02 08:44:02.206298	272.4	48.3	32	0.2	0	0.267	0.024
2023-03-02 08:44:03.208207	273.4	48.6	34	0.2	0	0.267	0.024
2023-03-02 08:44:04.210533	274.4	49.0	33	0.2	0	0.267	0.024
2023-03-02 08:44:05.212862	275.4	49.2	21	0.2	0	0.298	0.024
2023-03-02 08:44:06.215498	276.4	49.4	16	0.4	0	0.298	0.024
2023-03-02 08:44:07.217909	277.4	49.4	8	0.2	0	0.298	0.029
2023-03-02 08:44:08.221415	278.4	49.8	32	0.6	0	0.298	0.029
2023-03-02 08:44:09.223765	279.4	50.1	31	0.2	0	0.298	0.029
2023-03-02 08:44:10.226134	280.4	50.4	32	0.2	0	0.298	0.029
2023-03-02 08:44:11.228250	281.4	50.7	33	0.2	0	0.298	0.029
2023-03-02 08:44:12.230613	282.4	51.0	33	0.2	0	0.298	0.029
2023-03-02 08:44:13.232971	283.4	51.4	32	0.2	0	0.298	0.029
2023-03-02 08:44:14.235492	284.4	51.7	33	0.2	0	0.298	0.029
2023-03-02 08:44:15.237966	285.4	52.2	49	0.2	0	0.298	0.029
2023-03-02 08:44:16.240290	286.4	52.7	49	0.2	0	0.298	0.029
2023-03-02 08:44:17.242578	287.4	53.2	49	0.2	0	0.298	0.029
2023-03-02 08:44:18.245001	288.4	53.6	49	0.2	0	0.298	0.029
2023-03-02 08:44:19.247314	289.4	54.1	49	0.2	0	0.298	0.029
2023-03-02 08:44:20.249713	290.4	54.6	50	0.2	0	0.298	0.029
2023-03-02 08:44:21.252071	291.4	55.1	49	0.2	0	0.298	0.029
2023-03-02 08:44:22.254428	292.4	55.6	51	0.2	0	0.298	0.029
2023-03-02 08:44:23.256750	293.4	56.1	48	0.2	0	0.298	0.029
2023-03-02 08:44:24.258234	294.4	56.6	50	0.2	0	0.298	0.029
2023-03-02 08:44:25.260589	295.4	57.1	47	0.2	0	0.298	0.029
2023-03-02 08:44:26.262946	296.4	57.6	49	0.2	0	0.298	0.029
2023-03-02 08:44:27.265323	297.4	58.0	45	0.2	0	0.298	0.029
2023-03-02 08:44:28.267670	298.4	58.5	50	0.2	0	0.298	0.029
2023-03-02 08:44:29.269999	299.4	59.0	49	0.2	0	0.298	0.029
2023-03-02 08:44:30.272461	300.4	59.5	45	0.2	0	0.298	0.029
2023-03-02 08:44:31.274758	301.4	59.9	39	0.2	0	0.32	0.034
2023-03-02 08:44:32.276991	302.4	60.3	48	0.2	0	0.32	0.034
2023-03-02 08:44:33.279186	303.4	60.8	50	0.2	0	0.32	0.034
2023-03-02 08:44:34.281218	304.4	61.3	50	0.2	0	0.32	0.034
2023-03-02 08:44:35.283347	305.4	61.8	49	0.2	0	0.32	0.034
2023-03-02 08:44:36.285321	306.4	62.3	50	0.2	0	0.32	0.034
2023-03-02 08:44:37.287633	307.4	62.8	49	0.2	0	0.32	0.034
2023-03-02 08:44:38.289961	308.4	63.3	49	0.2	0	0.32	0.034
2023-03-02 08:44:39.292310	309.4	63.8	48	0.2	0	0.32	0.034
2023-03-02 08:44:40.294617	310.4	64.3	49	0.2	0	0.32	0.034
2023-03-02 08:44:41.297010	311.4	64.8	50	0.2	0	0.32	0.034
2023-03-02 08:44:42.299382	312.4	65.3	50	0.2	0	0.32	0.034
2023-03-02 08:44:43.301811	313.5	65.8	49	0.2	0	0.32	0.034
2023-03-02 08:44:44.304104	314.5	66.3	50	0.2	0	0.32	0.034
2023-03-02 08:44:45.306435	315.5	66.8	48	0.2	0	0.32	0.034
2023-03-02 08:44:46.308213	316.5	67.3	51	0.2	0	0.32	0.034
2023-03-02 08:44:47.310550	317.5	67.8	50	0.2	0	0.32	0.034
2023-03-02 08:44:48.313189	318.5	68.1	31	0.4	0	0.338	0.034
2023-03-02 08:44:49.315957	319.5	68.1	2	0.4	0	0.338	0.037
2023-03-02 08:44:50.318414	320.5	68.3	23	0.6	0	0.338	0.039
2023-03-02 08:44:51.320786	321.5	68.8	48	0.2	0	0.338	0.039
2023-03-02 08:44:52.323157	322.5	69.3	49	0.2	0	0.338	0.039
2023-03-02 08:44:53.325261	323.5	69.8	51	0.2	0	0.338	0.039
2023-03-02 08:44:54.327669	324.5	70.3	50	0.2	0	0.338	0.039
2023-03-02 08:44:55.329944	325.5	70.8	49	0.2	0	0.338	0.039
2023-03-02 08:44:56.332050	326.5	71.3	50	0.2	0	0.338	0.039
2023-03-02 08:44:57.334125	327.5	71.8	48	0.2	0	0.338	0.039
2023-03-02 08:44:58.336263	328.5	72.3	50	0.2	0	0.338	0.039
2023-03-02 08:44:59.338146	329.5	72.8	49	0.2	0	0.338	0.039
2023-03-02 08:45:00.340417	330.5	73.2	49	0.2	0	0.338	0.039
2023-03-02 08:45:01.342794	331.5	73.7	49	0.2	0	0.338	0.039
2023-03-02 08:45:02.345180	332.5	74.2	49	0.2	0	0.338	0.039
2023-03-02 08:45:03.347586	333.5	74.7	49	0.2	0	0.338	0.039
2023-03-02 08:45:04.349982	334.5	75.2	48	0.3	0	0.349	0.039
2023-03-02 08:45:05.352366	335.5	75.6	41	0.2	0	0.349	0.044
2023-03-02 08:45:06.354651	336.5	76.1	47	0.2	0	0.349	0.044
2023-03-02 08:45:07.356821	337.5	76.6	49	0.2	0	0.349	0.044
2023-03-02 08:45:08.357960	338.5	77.1	49	0.2	0	0.349	0.044
2023-03-02 08:45:09.360310	339.5	77.6	51	0.2	0	0.349	0.044
2023-03-02 08:45:10.362740	340.5	78.0	48	0.2	0	0.349	0.044
2023-03-02 08:45:11.365080	341.5	78.5	49	0.2	0	0.349	0.044
2023-03-02 08:45:12.367373	342.5	79.0	48	0.2	0	0.349	0.044
2023-03-02 08:45:13.369762	343.5	79.5	50	0.2	0	0.349	0.044
2023-03-02 08:45:14.372129	344.5	80.0	50	0.2	0	0.349	0.044
2023-03-02 08:45:15.374492	345.5	80.5	49	0.2	0	0.349	0.044
2023-03-02 08:45:16.376830	346.5	81.0	49	0.2	0	0.349	0.044
2023-03-02 08:45:17.378177	347.5	81.5	49	0.2	0	0.349	0.044
2023-03-02 08:45:18.380460	348.5	82.0	49	0.2	0	0.349	0.044
2023-03-02 08:45:19.382705	349.5	82.5	50	0.2	0	0.349	0.044
2023-03-02 08:45:20.384857	350.5	83.0	49	0.2	0	0.349	0.044
2023-03-02 08:45:21.387040	351.5	83.5	49	0.2	0	0.349	0.044
2023-03-02 08:45:22.389244	352.5	83.9	48	0.2	0	0.361	0.045
2023-03-02 08:45:23.391174	353.5	84.3	41	0.2	0	0.361	0.05
2023-03-02 08:45:24.393076	354.5	84.8	49	0.2	0	0.361	0.05
2023-03-02 08:45:25.395138	355.5	85.3	49	0.2	0	0.361	0.05
2023-03-02 08:45:26.397210	356.5	85.8	49	0.2	0	0.361	0.05
2023-03-02 08:45:27.399279	357.5	86.3	49	0.2	0	0.361	0.05
2023-03-02 08:45:28.401537	358.6	86.8	49	0.2	0	0.361	0.05
2023-03-02 08:45:29.403791	359.6	87.3	48	0.2	0	0.361	0.05
2023-03-02 08:45:30.405839	360.6	87.8	49	0.2	0	0.361	0.05
2023-03-02 08:45:31.408229	361.6	88.2	48	0.2	0	0.361	0.05
2023-03-02 08:45:32.410294	362.6	88.8	50	0.2	0	0.361	0.05
2023-03-02 08:45:33.412277	363.6	89.2	48	0.2	0	0.361	0.05
2023-03-02 08:45:34.414205	364.6	89.7	50	0.2	0	0.361	0.05
2023-03-02 08:45:35.416090	365.6	90.2	49	0.2	0	0.361	0.05
2023-03-02 08:45:36.417745	366.6	90.7	50	0.2	0	0.361	0.05
2023-03-02 08:45:37.419781	367.6	91.2	49	0.2	0	0.361	0.05
2023-03-02 08:45:38.421799	368.6	91.7	46	0.3	0	0.371	0.05
2023-03-02 08:45:39.423776	369.6	92.1	39	0.2	0	0.371	0.055
2023-03-02 08:45:40.426766	370.6	92.5	47	0.2	0	0.371	0.055
2023-03-02 08:45:41.428013	371.6	93.0	49	0.2	0	0.371	0.055
2023-03-02 08:45:42.430391	372.6	93.5	49	0.2	0	0.371	0.055
2023-03-02 08:45:43.432773	373.6	94.1	55	0.2	0	0.371	0.055
2023-03-02 08:45:44.435141	374.6	94.5	49	0.2	0	0.371	0.055
2023-03-02 08:45:45.437546	375.6	95.1	53	0.2	0	0.371	0.055
2023-03-02 08:45:46.439928	376.6	95.7	60	0.2	0	0.371	0.055
2023-03-02 08:45:47.442252	377.6	96.2	50	0.2	0	0.371	0.055
2023-03-02 08:45:48.444671	378.6	96.7	49	0.2	0	0.371	0.055
2023-03-02 08:45:49.447088	379.6	97.2	55	0.2	0	0.371	0.055
2023-03-02 08:45:50.449522	380.6	97.7	49	0.2	0	0.371	0.055
2023-03-02 08:45:51.451904	381.6	98.2	49	0.2	0	0.371	0.055
2023-03-02 08:45:52.454230	382.6	98.8	57	0.2	0	0.371	0.055
2023-03-02 08:45:53.456596	383.6	99.2	47	0.2	0	0.371	0.055
2023-03-02 08:45:54.458229	384.6	99.8	51	0.2	0	0.371	0.06
2023-03-02 08:45:55.460352	385.6	100.3	52	0.2	0	0.371	0.06
2023-03-02 08:45:56.462698	386.6	100.8	57	0.2	0	0.371	0.06
2023-03-02 08:45:57.465030	387.6	101.4	55	0.2	0	0.371	0.06
2023-03-02 08:45:58.467436	388.6	102.0	59	0.2	0	0.371	0.06
2023-03-02 08:45:59.469820	389.6	102.5	49	0.2	0	0.371	0.06
2023-03-02 08:46:00.472197	390.6	103.0	50	0.2	0	0.371	0.06
2023-03-02 08:46:01.474582	391.6	103.6	66	0.2	0	0.371	0.06
2023-03-02 08:46:02.477160	392.6	104.3	64	0.2	0	0.371	0.06
2023-03-02 08:46:03.479503	393.6	104.8	50	0.2	0	0.371	0.06
2023-03-02 08:46:04.481839	394.6	105.3	49	0.2	0	0.371	0.06
2023-03-02 08:46:05.484181	395.6	105.8	49	0.2	0	0.371	0.06
2023-03-02 08:46:06.486516	396.6	106.2	50	0.2	0	0.371	0.06
2023-03-02 08:46:07.488173	397.6	106.7	41	0.2	0	0.371	0.06
2023-03-02 08:46:08.490611	398.6	107.2	50	0.2	0	0.371	0.06
2023-03-02 08:46:09.493006	399.6	107.6	49	0.2	0	0.379	0.06
2023-03-02 08:46:10.495368	400.6	108.0	39	0.2	0	0.379	0.065
2023-03-02 08:46:11.498094	401.6	108.5	48	0.2	0	0.379	0.065
2023-03-02 08:46:12.500488	402.6	109.0	50	0.2	0	0.379	0.065
2023-03-02 08:46:13.502787	403.7	109.5	48	0.2	0	0.379	0.065
2023-03-02 08:46:14.505136	404.7	110.0	50	0.2	0	0.379	0.065
2023-03-02 08:46:15.507516	405.7	110.5	49	0.2	0	0.379	0.065
2023-03-02 08:46:16.509863	406.7	111.0	50	0.2	0	0.379	0.065
2023-03-02 08:46:17.512041	407.7	111.5	49	0.2	0	0.379	0.065
2023-03-02 08:46:18.514256	408.7	112.0	49	0.2	0	0.379	0.065
2023-03-02 08:46:19.516569	409.7	112.5	50	0.2	0	0.379	0.065
2023-03-02 08:46:20.518188	410.7	113.0	49	0.2	0	0.379	0.065
2023-03-02 08:46:21.520338	411.7	113.4	49	0.2	0	0.379	0.065
2023-03-02 08:46:22.522349	412.7	113.9	49	0.2	0	0.379	0.065
2023-03-02 08:46:23.524403	413.7	114.4	50	0.2	0	0.379	0.065
2023-03-02 08:46:24.526633	414.7	114.9	49	0.2	0	0.379	0.065
2023-03-02 08:46:25.528041	415.7	115.3	38	0.2	0	0.384	0.07
2023-03-02 08:46:26.530212	416.7	115.8	47	0.2	0	0.384	0.071
2023-03-02 08:46:27.532332	417.7	116.3	50	0.2	0	0.384	0.071
2023-03-02 08:46:28.534552	418.7	116.8	50	0.2	0	0.384	0.071
2023-03-02 08:46:29.536812	419.7	117.3	48	0.2	0	0.384	0.071
2023-03-02 08:46:30.538330	420.7	117.8	49	0.2	0	0.384	0.071
2023-03-02 08:46:31.540567	421.7	118.2	50	0.2	0	0.384	0.071
2023-03-02 08:46:32.542833	422.7	118.8	50	0.2	0	0.384	0.071
2023-03-02 08:46:33.545187	423.7	119.2	49	0.2	0	0.384	0.071
2023-03-02 08:46:34.547324	424.7	119.7	49	0.2	0	0.384	0.071
2023-03-02 08:46:35.549575	425.7	120.2	50	0.2	0	0.384	0.071
2023-03-02 08:46:36.551897	426.7	120.7	47	0.2	0	0.384	0.071
2023-03-02 08:46:37.554090	427.7	121.2	48	0.2	0	0.384	0.071
2023-03-02 08:46:38.556205	428.7	121.7	50	0.2	0	0.384	0.071
2023-03-02 08:46:39.558119	429.7	122.2	49	0.2	0	0.384	0.071
2023-03-02 08:46:40.560947	430.7	122.7	49	0.3	0	0.384	0.071
2023-03-02 08:46:41.563248	431.7	123.1	41	0.2	0	0.384	0.076
2023-03-02 08:46:42.565548	432.7	123.5	47	0.2	0	0.384	0.076
2023-03-02 08:46:43.569083	433.7	124.0	48	0.2	0	0.384	0.076
2023-03-02 08:46:44.571250	434.7	124.5	48	0.2	0	0.384	0.076
2023-03-02 08:46:45.573448	435.7	125.0	48	0.2	0	0.384	0.076
2023-03-02 08:46:46.575606	436.7	125.5	49	0.2	0	0.384	0.076
2023-03-02 08:46:47.577792	437.7	126.0	50	0.2	0	0.384	0.076
2023-03-02 08:46:48.580070	438.7	126.5	48	0.2	0	0.384	0.076
2023-03-02 08:46:49.582344	439.7	126.9	49	0.2	0	0.384	0.076
2023-03-02 08:46:50.584629	440.7	127.4	49	0.2	0	0.384	0.076
2023-03-02 08:46:51.586896	441.7	127.9	49	0.2	0	0.384	0.076
2023-03-02 08:46:52.589278	442.7	128.4	49	0.2	0	0.384	0.076
2023-03-02 08:46:53.591552	443.7	128.9	50	0.2	0	0.384	0.076
2023-03-02 08:46:54.593802	444.7	129.4	48	0.2	0	0.384	0.076
2023-03-02 08:46:55.595862	445.7	129.9	48	0.2	0	0.384	0.076
2023-03-02 08:46:56.598152	446.7	130.4	51	0.2	0	0.384	0.076
2023-03-02 08:46:57.599508	447.7	130.8	47	0.3	0	0.384	0.076
2023-03-02 08:46:58.601835	448.8	131.2	39	0.2	0	0.384	0.081
2023-03-02 08:46:59.604226	449.8	131.8	55	0.2	0	0.384	0.081
2023-03-02 08:47:00.606505	450.8	132.3	48	0.2	0	0.384	0.081
2023-03-02 08:47:01.608130	451.8	132.8	49	0.2	0	0.384	0.081
2023-03-02 08:47:02.610377	452.8	133.2	49	0.2	0	0.384	0.081
2023-03-02 08:47:03.612738	453.8	133.7	48	0.2	0	0.384	0.081
2023-03-02 08:47:04.615070	454.8	134.2	48	0.2	0	0.384	0.081
2023-03-02 08:47:05.617408	455.8	134.7	50	0.2	0	0.384	0.081
2023-03-02 08:47:06.619796	456.8	135.2	52	0.2	0	0.384	0.081
2023-03-02 08:47:07.622126	457.8	135.7	51	0.2	0	0.384	0.081
2023-03-02 08:47:08.624493	458.8	136.2	48	0.2	0	0.384	0.081
2023-03-02 08:47:09.626820	459.8	136.7	50	0.2	0	0.384	0.081
2023-03-02 08:47:10.628852	460.8	137.2	48	0.2	0	0.384	0.081
2023-03-02 08:47:11.630896	461.8	137.7	49	0.2	0	0.384	0.081
2023-03-02 08:47:12.633247	462.8	138.2	49	0.2	0	0.384	0.081
2023-03-02 08:47:13.635630	463.8	138.7	47	0.2	0	0.384	0.081
2023-03-02 08:47:14.641483	464.8	139.0	38	0.2	0	0.386	0.086
2023-03-02 08:47:15.643791	465.8	139.6	53	0.2	0	0.386	0.086
2023-03-02 08:47:16.646076	466.8	140.1	50	0.2	0	0.386	0.086
2023-03-02 08:47:17.648101	467.8	140.5	49	0.2	0	0.386	0.086
2023-03-02 08:47:18.650355	468.8	141.0	49	0.2	0	0.386	0.086
2023-03-02 08:47:19.652646	469.8	141.5	49	0.2	0	0.386	0.086
2023-03-02 08:47:20.654794	470.8	142.0	49	0.2	0	0.386	0.086
2023-03-02 08:47:21.656986	471.8	142.5	50	0.2	0	0.386	0.086
2023-03-02 08:47:22.659249	472.8	143.0	49	0.2	0	0.386	0.086
2023-03-02 08:47:23.661543	473.8	143.5	48	0.2	0	0.386	0.086
2023-03-02 08:47:24.663892	474.8	144.0	49	0.2	0	0.386	0.086
2023-03-02 08:47:25.666219	475.8	144.5	49	0.2	0	0.386	0.086
2023-03-02 08:47:26.668115	476.8	145.0	49	0.2	0	0.386	0.086
2023-03-02 08:47:27.670252	477.8	145.5	49	0.2	0	0.386	0.086
2023-03-02 08:47:28.672419	478.8	145.9	48	0.2	0	0.386	0.086
2023-03-02 08:47:29.674678	479.8	146.4	50	0.2	0	0.386	0.086
2023-03-02 08:47:30.677744	480.8	146.9	47	0.2	0	0.386	0.086
2023-03-02 08:47:31.680133	481.8	147.3	41	0.2	0	0.388	0.091
2023-03-02 08:47:32.682307	482.8	147.8	47	0.2	0	0.388	0.092
2023-03-02 08:47:33.684472	483.8	148.3	50	0.2	0	0.388	0.092
2023-03-02 08:47:34.686795	484.8	148.8	47	0.2	0	0.388	0.092
2023-03-02 08:47:35.688149	485.8	149.2	49	0.2	0	0.388	0.092
2023-03-02 08:47:36.690436	486.8	149.7	49	0.2	0	0.388	0.092
2023-03-02 08:47:37.692844	487.8	150.2	49	0.2	0	0.388	0.092
2023-03-02 08:47:38.695165	488.8	150.7	49	0.2	0	0.388	0.092
2023-03-02 08:47:39.697443	489.8	151.2	49	0.2	0	0.388	0.092
2023-03-02 08:47:40.699813	490.8	151.7	50	0.2	0	0.388	0.092
2023-03-02 08:47:41.702070	491.9	152.2	49	0.2	0	0.388	0.092
2023-03-02 08:47:42.704291	492.9	152.7	49	0.2	0	0.388	0.092
2023-03-02 08:47:43.706511	493.9	153.2	48	0.2	0	0.388	0.092
2023-03-02 08:47:44.708106	494.9	153.7	50	0.2	0	0.388	0.092
2023-03-02 08:47:45.710277	495.9	154.2	49	0.2	0	0.388	0.092
2023-03-02 08:47:46.712620	496.9	154.6	46	0.3	0	0.388	0.092
2023-03-02 08:47:47.714939	497.9	155.0	41	0.2	0	0.388	0.097
2023-03-02 08:47:48.717194	498.9	155.7	69	0.2	0	0.388	0.097
2023-03-02 08:47:49.719404	499.9	156.5	80	0.2	0	0.388	0.097
2023-03-02 08:47:50.722062	500.9	157.0	49	0.2	0	0.388	0.097
2023-03-02 08:47:51.724352	501.9	157.5	49	0.2	0	0.388	0.097
2023-03-02 08:47:52.726696	502.9	158.0	50	0.2	0	0.388	0.097
2023-03-02 08:47:53.728134	503.9	158.5	49	0.2	0	0.388	0.097
2023-03-02 08:47:54.730418	504.9	159.0	49	0.2	0	0.388	0.097
2023-03-02 08:47:55.735785	505.9	159.5	49	0.2	0	0.388	0.097
2023-03-02 08:47:56.738098	506.9	160.0	49	0.2	0	0.388	0.097
2023-03-02 08:47:57.740384	507.9	160.5	50	0.2	0	0.388	0.097
2023-03-02 08:47:58.742819	508.9	160.9	49	0.2	0	0.388	0.097
2023-03-02 08:47:59.745063	509.9	161.4	49	0.2	0	0.388	0.097
2023-03-02 08:48:00.747360	510.9	161.9	50	0.2	0	0.388	0.097
2023-03-02 08:48:01.749682	511.9	162.4	47	0.2	0	0.388	0.097
2023-03-02 08:48:02.752136	512.9	162.9	49	0.3	0	0.39	0.097
2023-03-02 08:48:03.754420	513.9	163.3	39	0.2	0	0.39	0.102
2023-03-02 08:48:04.756799	514.9	163.8	47	0.2	0	0.39	0.102
2023-03-02 08:48:05.758658	515.9	164.2	50	0.2	0	0.39	0.102
2023-03-02 08:48:06.761038	516.9	164.7	48	0.2	0	0.39	0.102
2023-03-02 08:48:07.763191	517.9	165.2	49	0.2	0	0.39	0.102
2023-03-02 08:48:08.765057	518.9	165.7	48	0.2	0	0.39	0.102
2023-03-02 08:48:09.767444	519.9	166.2	50	0.2	0	0.39	0.102
2023-03-02 08:48:10.769507	520.9	166.7	49	0.2	0	0.39	0.102
2023-03-02 08:48:11.771795	521.9	167.2	50	0.2	0	0.39	0.102
2023-03-02 08:48:12.774151	522.9	167.7	49	0.2	0	0.39	0.102
2023-03-02 08:48:13.776477	523.9	168.2	49	0.2	0	0.39	0.102
2023-03-02 08:48:14.778345	524.9	168.7	50	0.2	0	0.39	0.102
2023-03-02 08:48:15.780729	525.9	169.1	48	0.2	0	0.39	0.102
2023-03-02 08:48:16.782834	526.9	169.6	50	0.2	0	0.39	0.102
2023-03-02 08:48:17.784933	527.9	170.1	49	0.2	0	0.39	0.102
2023-03-02 08:48:18.787267	528.9	170.6	48	0.2	0	0.39	0.102
2023-03-02 08:48:19.789587	529.9	171.1	45	0.2	0	0.39	0.102
2023-03-02 08:48:20.791898	530.9	171.5	44	0.2	0	0.39	0.107
2023-03-02 08:48:21.794214	531.9	172.0	47	0.2	0	0.39	0.107
2023-03-02 08:48:22.796501	532.9	172.6	63	0.2	0	0.39	0.107
2023-03-02 08:48:23.798063	533.9	173.2	63	0.2	0	0.39	0.107
2023-03-02 08:48:24.800363	534.9	173.7	49	0.2	0	0.39	0.107
2023-03-02 08:48:25.802663	536.0	174.2	50	0.2	0	0.39	0.107
2023-03-02 08:48:26.804935	537.0	174.7	50	0.2	0	0.39	0.107
2023-03-02 08:48:27.807746	538.0	175.2	47	0.2	0	0.39	0.107
2023-03-02 08:48:28.810030	539.0	175.7	50	0.2	0	0.39	0.107
2023-03-02 08:48:29.812366	540.0	176.2	49	0.2	0	0.39	0.107
2023-03-02 08:48:30.814608	541.0	176.7	49	0.2	0	0.39	0.107
2023-03-02 08:48:31.816807	542.0	177.3	61	0.2	0	0.39	0.107
2023-03-02 08:48:32.818137	543.0	177.8	49	0.2	0	0.39	0.107
2023-03-02 08:48:33.820337	544.0	178.2	43	0.2	0	0.39	0.11
2023-03-02 08:48:34.822521	545.0	178.7	44	0.2	0	0.39	0.113
2023-03-02 08:48:35.824647	546.0	179.1	49	0.2	0	0.39	0.113
2023-03-02 08:48:36.826854	547.0	179.6	49	0.2	0	0.39	0.113
2023-03-02 08:48:37.829294	548.0	180.1	50	0.2	0	0.39	0.113
2023-03-02 08:48:38.831431	549.0	180.6	48	0.2	0	0.39	0.113
2023-03-02 08:48:39.833766	550.0	181.1	50	0.2	0	0.39	0.113
2023-03-02 08:48:40.835962	551.0	181.6	49	0.2	0	0.39	0.113
2023-03-02 08:48:41.838065	552.0	182.1	49	0.2	0	0.39	0.113
2023-03-02 08:48:42.839309	553.0	182.6	50	0.2	0	0.39	0.113
2023-03-02 08:48:43.841484	554.0	183.1	50	0.2	0	0.39	0.113
2023-03-02 08:48:44.843621	555.0	183.6	49	0.2	0	0.39	0.113
2023-03-02 08:48:45.845850	556.0	184.1	48	0.2	0	0.39	0.113
2023-03-02 08:48:46.848099	557.0	184.5	48	0.2	0	0.39	0.113
2023-03-02 08:48:47.850441	558.0	185.0	50	0.2	0	0.39	0.113
2023-03-02 08:48:48.852888	559.0	185.5	42	0.4	0	0.39	0.116
2023-03-02 08:48:49.855062	560.0	185.9	45	0.2	0	0.39	0.118
2023-03-02 08:48:50.857428	561.0	186.4	48	0.2	0	0.39	0.118
2023-03-02 08:48:51.859665	562.0	186.9	50	0.2	0	0.39	0.118
2023-03-02 08:48:52.861875	563.0	187.4	50	0.2	0	0.39	0.118
2023-03-02 08:48:53.864938	564.0	187.9	49	0.2	0	0.39	0.118
2023-03-02 08:48:54.867289	565.0	188.4	49	0.2	0	0.39	0.118
2023-03-02 08:48:55.869572	566.0	188.9	50	0.2	0	0.39	0.118
2023-03-02 08:48:56.871822	567.0	189.4	52	0.2	0	0.39	0.118
2023-03-02 08:48:57.874114	568.0	189.9	48	0.2	0	0.39	0.118
2023-03-02 08:48:58.876506	569.0	190.4	49	0.2	0	0.39	0.118
2023-03-02 08:48:59.878271	570.0	190.9	50	0.2	0	0.39	0.118
2023-03-02 08:49:00.880520	571.0	191.3	49	0.2	0	0.39	0.118
2023-03-02 08:49:01.882561	572.0	191.8	49	0.2	0	0.39	0.118
2023-03-02 08:49:02.884699	573.0	192.3	49	0.2	0	0.39	0.118
2023-03-02 08:49:03.887020	574.0	192.8	50	0.2	0	0.39	0.118
2023-03-02 08:49:04.889605	575.0	193.3	45	0.4	0	0.391	0.121
2023-03-02 08:49:05.891950	576.0	193.7	43	0.4	0	0.391	0.123
2023-03-02 08:49:06.894062	577.0	194.2	48	0.2	0	0.391	0.123
2023-03-02 08:49:07.896351	578.0	194.7	49	0.2	0	0.391	0.123
2023-03-02 08:49:08.898246	579.0	195.2	48	0.2	0	0.391	0.123
2023-03-02 08:49:09.900532	580.0	195.6	49	0.2	0	0.391	0.123
2023-03-02 08:49:10.902793	581.1	196.1	49	0.2	0	0.391	0.123
2023-03-02 08:49:11.905073	582.1	196.6	48	0.2	0	0.391	0.123
2023-03-02 08:49:12.907439	583.1	197.2	54	0.2	0	0.391	0.123
2023-03-02 08:49:13.909638	584.1	197.7	53	0.2	0	0.391	0.123
2023-03-02 08:49:14.911975	585.1	198.2	49	0.2	0	0.391	0.123
2023-03-02 08:49:15.914237	586.1	198.7	50	0.2	0	0.391	0.123
2023-03-02 08:49:16.916332	587.1	199.2	49	0.2	0	0.391	0.123
2023-03-02 08:49:17.917949	588.1	199.6	48	0.2	0	0.391	0.123
2023-03-02 08:49:18.920035	589.1	200.1	49	0.2	0	0.391	0.123
2023-03-02 08:49:19.922379	590.1	200.6	47	0.3	0	0.426	0.123
2023-03-02 08:49:20.924760	591.1	201.0	38	0.2	0	0.426	0.128
2023-03-02 08:49:21.927059	592.1	201.5	49	0.2	0	0.426	0.129
2023-03-02 08:49:22.929349	593.1	201.9	46	0.2	0	0.426	0.129
2023-03-02 08:49:23.931601	594.1	202.4	49	0.2	0	0.426	0.129
2023-03-02 08:49:24.933858	595.1	202.9	48	0.2	0	0.426	0.129
2023-03-02 08:49:25.936103	596.1	203.4	50	0.2	0	0.426	0.129
2023-03-02 08:49:26.938171	597.1	203.9	49	0.2	0	0.426	0.129
2023-03-02 08:49:27.940432	598.1	204.4	48	0.2	0	0.426	0.129
2023-03-02 08:49:28.942738	599.1	204.9	51	0.2	0	0.426	0.129
2023-03-02 08:49:29.945049	600.1	205.4	53	0.2	0	0.426	0.129
2023-03-02 08:49:30.947441	601.1	205.9	49	0.2	0	0.426	0.129
2023-03-02 08:49:31.949654	602.1	206.4	50	0.2	0	0.426	0.129
2023-03-02 08:49:32.951876	603.1	206.9	49	0.2	0	0.426	0.129
2023-03-02 08:49:33.954143	604.1	207.4	49	0.2	0	0.426	0.129
2023-03-02 08:49:34.956367	605.1	207.9	49	0.2	0	0.426	0.129
2023-03-02 08:49:35.958124	606.1	208.4	49	0.2	0	0.426	0.129
2023-03-02 08:49:36.960339	607.1	208.9	49	0.2	0	0.426	0.129
2023-03-02 08:49:37.962653	608.1	209.4	52	0.2	0	0.426	0.129
2023-03-02 08:49:38.964918	609.1	209.9	48	0.2	0	0.426	0.129
2023-03-02 08:49:39.967224	610.1	210.4	50	0.2	0	0.426	0.129
2023-03-02 08:49:40.969511	611.1	210.9	49	0.2	0	0.426	0.129
2023-03-02 08:49:41.971770	612.1	211.4	50	0.2	0	0.426	0.129
2023-03-02 08:49:42.973818	613.1	211.8	49	0.2	0	0.426	0.129
2023-03-02 08:49:43.975915	614.1	212.3	49	0.2	0	0.426	0.129
2023-03-02 08:49:44.978413	615.1	212.8	48	0.2	0	0.426	0.129
2023-03-02 08:49:45.980670	616.1	213.3	48	0.2	0	0.426	0.129
2023-03-02 08:49:46.982914	617.1	213.8	50	0.2	0	0.427	0.129
2023-03-02 08:49:47.985267	618.1	214.2	39	0.2	0	0.428	0.133
2023-03-02 08:49:48.987679	619.1	214.6	45	0.2	0	0.428	0.134
2023-03-02 08:49:49.989815	620.1	215.1	49	0.2	0	0.428	0.134
2023-03-02 08:49:50.991988	621.1	215.6	50	0.2	0	0.428	0.134
2023-03-02 08:49:51.994030	622.1	216.1	50	0.2	0	0.428	0.134
2023-03-02 08:49:52.996276	623.1	216.6	50	0.2	0	0.428	0.134
2023-03-02 08:49:53.998136	624.1	217.1	48	0.2	0	0.428	0.134
2023-03-02 08:49:55.000428	625.1	217.6	52	0.2	0	0.428	0.134
2023-03-02 08:49:56.002566	626.2	218.1	50	0.2	0	0.428	0.134
2023-03-02 08:49:57.004811	627.2	218.6	48	0.2	0	0.428	0.134
2023-03-02 08:49:58.007070	628.2	219.1	50	0.2	0	0.428	0.134
2023-03-02 08:49:59.009330	629.2	219.6	48	0.2	0	0.428	0.134
2023-03-02 08:50:00.011642	630.2	220.1	49	0.2	0	0.428	0.134
2023-03-02 08:50:01.013763	631.2	220.6	49	0.2	0	0.428	0.134
2023-03-02 08:50:02.015994	632.2	221.1	50	0.2	0	0.428	0.134
2023-03-02 08:50:03.018359	633.2	221.6	49	0.2	0	0.428	0.134
2023-03-02 08:50:04.020643	634.2	221.9	38	0.2	0	0.428	0.139
2023-03-02 08:50:05.022930	635.2	222.4	48	0.2	0	0.428	0.139
2023-03-02 08:50:06.025211	636.2	222.9	49	0.2	0	0.428	0.139
2023-03-02 08:50:07.027321	637.2	223.4	49	0.2	0	0.428	0.139
2023-03-02 08:50:08.029410	638.2	223.9	51	0.2	0	0.428	0.139
2023-03-02 08:50:09.031694	639.2	224.4	49	0.2	0	0.428	0.139
2023-03-02 08:50:10.033988	640.2	224.9	48	0.2	0	0.428	0.139
2023-03-02 08:50:11.036263	641.2	225.4	48	0.2	0	0.428	0.139
2023-03-02 08:50:12.038256	642.2	225.9	52	0.2	0	0.428	0.139
2023-03-02 08:50:13.040563	643.2	226.4	48	0.2	0	0.428	0.139
2023-03-02 08:50:14.042909	644.2	226.9	50	0.2	0	0.428	0.139
2023-03-02 08:50:15.045205	645.2	227.3	48	0.2	0	0.428	0.139
2023-03-02 08:50:16.047500	646.2	227.8	50	0.2	0	0.428	0.139
2023-03-02 08:50:17.049212	647.2	228.3	49	0.2	0	0.428	0.139
2023-03-02 08:50:18.050591	648.2	228.8	47	0.2	0	0.428	0.139
2023-03-02 08:50:19.052064	649.2	229.3	51	0.2	0	0.428	0.139
