Date and time (UTC)	Real time (s)	CPU time (s)	CPU (%)	Memory (GB)	Memory (%)	Disk read (GB)	Disk write (GB)
2023-03-04 00:06:27.523936	1.0	0.0	0	0.0	0	0.001	0.0
2023-03-04 00:06:28.526379	2.0	0.1	6	0.0	0	0.116	0.0
2023-03-04 00:06:29.528985	3.0	0.2	7	0.0	0	0.137	0.0
2023-03-04 00:06:30.531495	4.0	0.2	6	0.1	0	0.139	0.0
2023-03-04 00:06:31.534094	5.0	0.3	10	0.1	0	0.139	0.0
2023-03-04 00:06:32.536483	6.0	0.4	9	0.2	0	0.139	0.0
2023-03-04 00:06:33.538779	7.0	0.5	10	0.2	0	0.156	0.0
2023-03-04 00:06:34.541125	8.0	0.6	10	0.2	0	0.156	0.0
2023-03-04 00:06:35.543303	9.0	0.7	10	0.2	0	0.156	0.0
2023-03-04 00:06:36.546157	10.0	0.8	10	0.2	0	0.156	0.0
2023-03-04 00:06:37.548780	11.0	0.9	10	0.2	0	0.156	0.0
2023-03-04 00:06:38.551417	12.0	1.0	10	0.2	0	0.171	0.0
2023-03-04 00:06:39.554026	13.0	1.1	10	0.2	0	0.171	0.0
2023-03-04 00:06:40.556885	14.0	1.2	9	0.2	0	0.171	0.0
2023-03-04 00:06:41.577784	15.1	1.3	10	0.2	0	0.171	0.0
2023-03-04 00:06:42.591898	16.1	1.4	10	0.2	0	0.171	0.0
2023-03-04 00:06:43.601002	17.1	1.5	9	0.2	0	0.171	0.0
2023-03-04 00:06:44.627615	18.1	1.6	10	0.2	0	0.187	0.0
2023-03-04 00:06:45.668416	19.2	1.7	10	0.2	0	0.187	0.0
2023-03-04 00:06:46.673628	20.2	1.8	9	0.2	0	0.187	0.0
2023-03-04 00:06:47.676253	21.2	1.9	10	0.2	0	0.187	0.0
2023-03-04 00:06:48.715548	22.2	2.0	10	0.2	0	0.187	0.0
2023-03-04 00:06:49.720205	23.2	2.1	10	0.2	0	0.203	0.0
2023-03-04 00:06:50.723092	24.2	2.2	9	0.2	0	0.203	0.0
2023-03-04 00:06:51.725977	25.2	2.3	10	0.2	0	0.203	0.0
2023-03-04 00:06:52.728354	26.2	2.4	10	0.2	0	0.203	0.0
2023-03-04 00:06:53.731039	27.2	2.4	9	0.2	0	0.203	0.0
2023-03-04 00:06:54.734359	28.2	2.5	9	0.2	0	0.203	0.0
2023-03-04 00:06:55.737238	29.2	2.6	10	0.2	0	0.22	0.0
2023-03-04 00:06:56.740154	30.2	2.7	10	0.2	0	0.22	0.0
2023-03-04 00:06:57.750338	31.2	2.8	9	0.2	0	0.22	0.0
2023-03-04 00:06:58.768475	32.3	2.9	10	0.2	0	0.22	0.0
2023-03-04 00:06:59.799683	33.3	3.0	10	0.2	0	0.221	0.0
2023-03-04 00:07:00.877860	34.4	3.1	8	0.2	0	0.241	0.0
2023-03-04 00:07:01.890227	35.4	3.2	10	0.2	0	0.241	0.0
2023-03-04 00:07:02.893035	36.4	3.3	10	0.2	0	0.242	0.0
2023-03-04 00:07:03.916409	37.4	3.4	9	0.2	0	0.242	0.0
2023-03-04 00:07:04.949109	38.4	3.5	10	0.2	0	0.242	0.0
2023-03-04 00:07:05.981852	39.5	3.6	10	0.2	0	0.242	0.0
2023-03-04 00:07:06.987658	40.5	3.7	9	0.2	0	0.266	0.0
2023-03-04 00:07:08.030120	41.5	3.8	10	0.2	0	0.266	0.0
2023-03-04 00:07:09.093135	42.6	3.9	9	0.2	0	0.267	0.0
2023-03-04 00:07:10.125286	43.6	4.0	10	0.2	0	0.267	0.0
2023-03-04 00:07:11.197080	44.7	4.1	10	0.2	0	0.267	0.0
2023-03-04 00:07:12.259501	45.7	4.2	8	0.2	0	0.284	0.0
2023-03-04 00:07:13.298130	46.8	4.3	10	0.2	0	0.288	0.0
2023-03-04 00:07:14.318845	47.8	4.4	10	0.2	0	0.289	0.0
2023-03-04 00:07:15.422304	48.9	4.5	10	0.2	0	0.289	0.0
2023-03-04 00:07:16.466823	50.0	4.6	9	0.2	0	0.289	0.0
2023-03-04 00:07:17.514660	51.0	4.7	9	0.2	0	0.29	0.0
2023-03-04 00:07:18.523645	52.0	4.8	10	0.2	0	0.305	0.0
2023-03-04 00:07:19.526336	53.0	4.9	11	0.2	0	0.305	0.0
2023-03-04 00:07:20.539316	54.0	5.0	9	0.2	0	0.306	0.0
2023-03-04 00:07:21.559477	55.0	5.1	10	0.2	0	0.306	0.0
2023-03-04 00:07:22.675788	56.2	5.2	10	0.2	0	0.306	0.0
2023-03-04 00:07:23.727946	57.2	5.3	9	0.2	0	0.308	0.0
2023-03-04 00:07:24.812153	58.3	5.4	10	0.2	0	0.338	0.0
2023-03-04 00:07:25.882269	59.4	5.5	9	0.2	0	0.339	0.0
2023-03-04 00:07:26.908002	60.4	5.6	9	0.2	0	0.339	0.0
2023-03-04 00:07:27.915624	61.4	5.7	11	0.2	0	0.339	0.0
2023-03-04 00:07:28.918337	62.4	5.8	9	0.2	0	0.339	0.0
2023-03-04 00:07:29.921007	63.4	5.9	10	0.2	0	0.355	0.0
2023-03-04 00:07:30.928364	64.4	6.0	9	0.2	0	0.355	0.0
2023-03-04 00:07:31.955215	65.4	6.1	11	0.2	0	0.355	0.0
2023-03-04 00:07:32.970227	66.5	6.2	9	0.2	0	0.355	0.0
2023-03-04 00:07:33.972303	67.5	6.3	10	0.2	0	0.355	0.0
2023-03-04 00:07:34.974559	68.5	6.4	9	0.2	0	0.355	0.0
2023-03-04 00:07:36.006773	69.5	6.5	10	0.2	0	0.374	0.0
2023-03-04 00:07:37.064567	70.6	6.6	10	0.2	0	0.374	0.0
2023-03-04 00:07:38.073934	71.6	6.7	10	0.2	0	0.374	0.0
2023-03-04 00:07:39.076535	72.6	6.8	10	0.2	0	0.374	0.0
2023-03-04 00:07:40.094598	73.6	6.9	9	0.2	0	0.374	0.0
2023-03-04 00:07:41.218088	74.7	7.0	10	0.2	0	0.393	0.0
2023-03-04 00:07:42.252152	75.7	7.0	9	0.2	0	0.393	0.0
2023-03-04 00:07:43.267991	76.8	7.2	10	0.2	0	0.393	0.0
2023-03-04 00:07:44.270600	77.8	7.2	10	0.2	0	0.393	0.0
2023-03-04 00:07:45.275092	78.8	7.3	10	0.2	0	0.393	0.0
2023-03-04 00:07:46.317270	79.8	7.4	9	0.2	0	0.393	0.0
2023-03-04 00:07:47.336870	80.8	7.5	10	0.2	0	0.411	0.0
2023-03-04 00:07:48.343124	81.8	7.6	10	0.2	0	0.411	0.0
2023-03-04 00:07:49.358794	82.8	7.7	9	0.2	0	0.411	0.0
2023-03-04 00:07:50.409645	83.9	7.8	10	0.2	0	0.411	0.0
2023-03-04 00:07:51.425177	84.9	7.9	10	0.2	0	0.411	0.0
2023-03-04 00:07:52.441558	85.9	8.0	9	0.2	0	0.427	0.0
2023-03-04 00:07:53.464388	87.0	8.1	10	0.2	0	0.427	0.0
2023-03-04 00:07:54.471762	88.0	8.2	10	0.2	0	0.427	0.0
2023-03-04 00:07:55.489304	89.0	8.3	11	0.2	0	0.427	0.0
2023-03-04 00:07:56.521301	90.0	8.4	9	0.2	0	0.427	0.0
2023-03-04 00:07:57.537650	91.0	8.5	9	0.2	0	0.427	0.0
2023-03-04 00:07:58.543034	92.0	8.6	10	0.2	0	0.445	0.0
2023-03-04 00:07:59.545663	93.0	8.7	10	0.2	0	0.445	0.0
2023-03-04 00:08:00.548360	94.0	8.8	9	0.2	0	0.445	0.0
2023-03-04 00:08:01.551127	95.0	8.9	10	0.2	0	0.445	0.0
2023-03-04 00:08:02.553313	96.0	9.0	9	0.2	0	0.445	0.0
2023-03-04 00:08:03.555749	97.0	9.1	10	0.2	0	0.461	0.0
2023-03-04 00:08:04.561909	98.1	9.2	10	0.2	0	0.461	0.0
2023-03-04 00:08:05.564340	99.1	9.3	9	0.2	0	0.461	0.0
2023-03-04 00:08:06.579785	100.1	9.4	10	0.2	0	0.461	0.0
2023-03-04 00:08:07.585016	101.1	9.5	10	0.2	0	0.461	0.0
2023-03-04 00:08:08.587791	102.1	9.6	9	0.2	0	0.461	0.0
2023-03-04 00:08:09.590554	103.1	9.7	9	0.2	0	0.479	0.0
2023-03-04 00:08:10.593108	104.1	9.8	10	0.2	0	0.479	0.0
2023-03-04 00:08:11.595812	105.1	9.9	10	0.2	0	0.479	0.0
2023-03-04 00:08:12.598544	106.1	10.0	9	0.2	0	0.479	0.0
2023-03-04 00:08:13.602930	107.1	10.1	10	0.2	0	0.479	0.0
2023-03-04 00:08:14.609383	108.1	10.2	10	0.2	0	0.496	0.0
2023-03-04 00:08:15.612125	109.1	10.2	10	0.2	0	0.496	0.0
2023-03-04 00:08:16.614273	110.1	10.3	9	0.2	0	0.496	0.0
2023-03-04 00:08:17.634455	111.1	10.4	10	0.2	0	0.496	0.0
2023-03-04 00:08:18.637812	112.1	10.5	10	0.2	0	0.496	0.0
2023-03-04 00:08:19.639877	113.1	10.6	9	0.2	0	0.496	0.0
2023-03-04 00:08:20.642726	114.1	10.7	9	0.2	0	0.512	0.0
2023-03-04 00:08:21.646148	115.1	10.8	10	0.2	0	0.512	0.0
2023-03-04 00:08:22.654082	116.1	10.9	10	0.2	0	0.512	0.0
2023-03-04 00:08:23.660993	117.2	11.0	10	0.2	0	0.512	0.0
2023-03-04 00:08:24.664703	118.2	11.1	9	0.2	0	0.512	0.0
2023-03-04 00:08:25.692126	119.2	11.2	10	0.2	0	0.53	0.0
2023-03-04 00:08:26.711190	120.2	11.3	9	0.2	0	0.53	0.0
2023-03-04 00:08:27.740647	121.2	11.4	11	0.2	0	0.53	0.0
2023-03-04 00:08:28.764004	122.3	11.5	9	0.2	0	0.53	0.0
2023-03-04 00:08:29.784410	123.3	11.6	10	0.2	0	0.53	0.0
2023-03-04 00:08:30.807346	124.3	11.7	9	0.2	0	0.532	0.0
2023-03-04 00:08:31.816009	125.3	11.8	11	0.2	0	0.548	0.0
2023-03-04 00:08:32.818639	126.3	11.9	10	0.2	0	0.548	0.0
2023-03-04 00:08:33.821267	127.3	12.0	11	0.2	0	0.548	0.0
2023-03-04 00:08:34.825865	128.3	12.1	10	0.2	0	0.548	0.0
2023-03-04 00:08:35.833455	129.3	12.2	10	0.2	0	0.548	0.0
2023-03-04 00:08:36.840362	130.3	12.3	13	0.2	0	0.564	0.0
2023-03-04 00:08:37.845686	131.3	12.5	12	0.2	0	0.564	0.0
2023-03-04 00:08:38.848027	132.3	12.6	11	0.2	0	0.564	0.0
2023-03-04 00:08:39.855495	133.3	12.7	13	0.2	0	0.564	0.0
2023-03-04 00:08:40.861086	134.4	12.8	11	0.2	0	0.58	0.0
2023-03-04 00:08:41.884398	135.4	12.9	13	0.2	0	0.58	0.0
2023-03-04 00:08:42.893866	136.4	13.1	14	0.2	0	0.58	0.0
2023-03-04 00:08:43.900632	137.4	13.2	12	0.2	0	0.58	0.0
2023-03-04 00:08:44.906974	138.4	13.3	12	0.2	0	0.693	0.0
2023-03-04 00:08:45.934511	139.4	13.5	14	0.3	0	0.695	0.0
2023-03-04 00:08:46.959592	140.4	13.6	13	0.3	0	0.695	0.0
2023-03-04 00:08:47.970131	141.5	13.7	12	0.3	0	0.695	0.0
2023-03-04 00:08:48.999032	142.5	13.8	11	0.3	0	0.695	0.0
2023-03-04 00:08:50.011104	143.5	13.9	9	0.3	0	0.695	0.0
2023-03-04 00:08:51.023720	144.5	14.0	12	0.4	0	0.695	0.0
2023-03-04 00:08:52.044472	145.5	14.1	10	0.4	0	0.695	0.0
2023-03-04 00:08:53.063900	146.6	14.2	10	0.4	0	0.695	0.0
2023-03-04 00:08:54.095510	147.6	14.3	10	0.4	0	0.695	0.0
2023-03-04 00:08:55.119455	148.6	14.4	9	0.5	0	0.696	0.0
2023-03-04 00:08:56.155334	149.6	14.5	10	0.6	0	0.696	0.0
2023-03-04 00:08:57.192252	150.7	14.6	9	0.6	0	0.696	0.0
2023-03-04 00:08:58.203964	151.7	14.7	11	0.4	0	0.696	0.0
2023-03-04 00:08:59.208371	152.7	14.8	10	0.5	0	0.696	0.0
2023-03-04 00:09:00.217924	153.7	14.9	10	0.5	0	0.696	0.0
2023-03-04 00:09:01.228308	154.7	15.0	9	0.5	0	0.696	0.0
2023-03-04 00:09:02.261357	155.8	15.1	10	0.6	0	0.696	0.0
2023-03-04 00:09:03.292514	156.8	15.2	11	0.6	0	0.696	0.0
2023-03-04 00:09:04.307091	157.8	15.3	9	0.5	0	0.696	0.0
2023-03-04 00:09:05.313759	158.8	15.4	9	0.5	0	0.696	0.0
2023-03-04 00:09:06.333161	159.8	15.5	10	0.5	0	0.696	0.0
2023-03-04 00:09:07.353496	160.8	15.6	10	0.5	0	0.696	0.0
2023-03-04 00:09:08.365545	161.9	15.7	9	0.5	0	0.696	0.0
2023-03-04 00:09:09.400067	162.9	15.8	10	0.5	0	0.696	0.0
2023-03-04 00:09:10.414982	163.9	15.9	10	0.6	0	0.696	0.0
2023-03-04 00:09:11.427983	164.9	16.0	9	0.6	0	0.696	0.0
2023-03-04 00:09:12.437328	165.9	16.1	10	0.6	0	0.697	0.0
2023-03-04 00:09:13.546218	167.0	16.2	9	0.6	0	0.697	0.0
2023-03-04 00:09:14.561243	168.0	16.3	10	0.6	0	0.697	0.0
2023-03-04 00:09:15.571419	169.1	16.4	10	0.6	0	0.697	0.0
2023-03-04 00:09:16.583236	170.1	16.5	10	0.6	0	0.697	0.0
2023-03-04 00:09:17.593190	171.1	16.6	10	0.5	0	0.697	0.0
2023-03-04 00:09:18.654496	172.1	16.7	9	0.6	0	0.697	0.0
2023-03-04 00:09:19.672657	173.2	16.8	10	0.5	0	0.697	0.0
2023-03-04 00:09:20.676745	174.2	16.9	9	0.5	0	0.697	0.0
2023-03-04 00:09:21.680819	175.2	17.0	10	0.5	0	0.697	0.0
2023-03-04 00:09:22.689929	176.2	17.1	10	0.2	0	0.762	0.0
2023-03-04 00:09:23.712268	177.2	17.2	9	0.3	0	0.854	0.0
2023-03-04 00:09:24.756093	178.2	17.2	10	0.3	0	0.857	0.0
2023-03-04 00:09:25.838486	179.3	17.4	9	0.4	0	0.857	0.0
2023-03-04 00:09:26.853616	180.3	17.4	10	0.4	0	0.857	0.0
2023-03-04 00:09:27.887343	181.4	17.5	10	0.4	0	0.857	0.0
2023-03-04 00:09:28.907622	182.4	17.7	10	0.4	0	0.857	0.0
2023-03-04 00:09:29.923864	183.4	17.8	10	0.4	0	0.857	0.0
2023-03-04 00:09:30.939691	184.4	17.8	9	0.4	0	0.857	0.0
2023-03-04 00:09:31.956005	185.4	17.9	10	0.4	0	0.857	0.0
2023-03-04 00:09:32.995279	186.5	18.0	10	0.4	0	0.857	0.0
2023-03-04 00:09:34.045495	187.5	18.1	10	0.4	0	0.858	0.0
2023-03-04 00:09:35.130065	188.6	18.2	9	0.5	0	0.858	0.0
2023-03-04 00:09:36.208344	189.7	18.3	9	0.5	0	0.858	0.0
2023-03-04 00:09:37.219665	190.7	18.4	10	0.5	0	0.858	0.0
2023-03-04 00:09:38.227270	191.7	18.5	10	0.5	0	0.858	0.0
2023-03-04 00:09:39.308511	192.8	18.6	10	0.6	0	0.859	0.0
2023-03-04 00:09:40.419069	193.9	18.7	9	0.7	0	0.859	0.0
2023-03-04 00:09:41.451193	194.9	18.8	11	0.8	0	0.859	0.0
2023-03-04 00:09:42.476109	196.0	18.9	9	0.7	0	0.86	0.0
2023-03-04 00:09:43.511177	197.0	19.1	12	0.5	0	0.86	0.0
2023-03-04 00:09:44.548332	198.0	19.1	9	0.6	0	0.86	0.0
2023-03-04 00:09:45.575242	199.1	19.2	10	0.6	0	0.86	0.0
2023-03-04 00:09:46.617193	200.1	19.4	10	0.6	0	0.86	0.0
2023-03-04 00:09:47.625455	201.1	19.4	9	0.7	0	0.86	0.0
2023-03-04 00:09:48.659560	202.1	19.5	10	0.7	0	0.86	0.0
2023-03-04 00:09:49.703017	203.2	19.6	10	0.7	0	0.86	0.0
2023-03-04 00:09:50.715200	204.2	19.7	10	0.8	0	0.86	0.0
2023-03-04 00:09:51.717770	205.2	19.8	9	0.7	0	0.86	0.0
2023-03-04 00:09:52.719906	206.2	19.9	10	0.7	0	0.86	0.0
2023-03-04 00:09:53.722428	207.2	20.0	10	0.7	0	0.86	0.0
2023-03-04 00:09:54.753336	208.2	20.1	9	0.7	0	0.86	0.0
2023-03-04 00:09:55.784260	209.3	20.2	10	0.7	0	0.86	0.0
2023-03-04 00:09:56.816640	210.3	20.3	11	0.7	0	0.86	0.0
2023-03-04 00:09:57.853260	211.3	20.4	9	0.7	0	0.86	0.0
2023-03-04 00:09:58.887001	212.4	20.5	10	0.7	0	0.86	0.0
2023-03-04 00:09:59.896107	213.4	20.6	10	0.7	0	0.86	0.0
2023-03-04 00:10:00.933579	214.4	20.7	10	0.7	0	0.86	0.0
2023-03-04 00:10:01.971845	215.5	20.8	10	0.7	0	0.861	0.0
2023-03-04 00:10:02.980974	216.5	20.9	10	0.7	0	0.861	0.0
2023-03-04 00:10:04.040111	217.5	21.0	10	0.7	0	0.861	0.0
2023-03-04 00:10:05.069651	218.6	21.1	10	0.8	0	0.861	0.0
2023-03-04 00:10:06.111000	219.6	21.2	10	0.8	0	0.861	0.0
2023-03-04 00:10:07.163075	220.7	21.3	8	0.8	0	0.861	0.0
2023-03-04 00:10:08.197058	221.7	21.4	10	0.8	0	0.862	0.0
2023-03-04 00:10:09.234646	222.7	21.5	10	0.8	0	0.862	0.0
2023-03-04 00:10:10.267639	223.8	21.6	10	0.8	0	0.862	0.0
2023-03-04 00:10:11.277920	224.8	21.7	10	0.7	0	0.862	0.0
2023-03-04 00:10:12.316328	225.8	21.8	9	0.8	0	0.863	0.0
2023-03-04 00:10:13.360023	226.8	21.9	10	0.7	0	0.863	0.0
2023-03-04 00:10:14.393912	227.9	22.0	10	0.7	0	0.863	0.0
2023-03-04 00:10:15.449689	228.9	22.1	10	0.7	0	0.863	0.0
2023-03-04 00:10:16.501513	230.0	22.2	10	0.7	0	0.863	0.0
2023-03-04 00:10:17.565185	231.1	22.3	9	0.7	0	0.863	0.0
2023-03-04 00:10:18.595764	232.1	22.4	10	0.2	0	0.879	0.0
2023-03-04 00:10:19.598140	233.1	22.5	10	0.2	0	0.879	0.0
2023-03-04 00:10:20.600813	234.1	22.6	9	0.2	0	0.879	0.0
2023-03-04 00:10:21.603484	235.1	22.7	11	0.2	0	0.879	0.0
2023-03-04 00:10:22.606204	236.1	22.8	11	0.2	0	0.879	0.0
2023-03-04 00:10:23.609139	237.1	22.9	12	0.2	0	0.893	0.0
2023-03-04 00:10:24.611720	238.1	23.0	11	0.2	0	0.893	0.0
2023-03-04 00:10:25.625311	239.1	23.2	12	0.2	0	0.893	0.0
2023-03-04 00:10:26.658471	240.1	23.3	12	0.2	0	0.895	0.0
2023-03-04 00:10:27.678111	241.2	23.4	11	0.2	0	0.895	0.0
2023-03-04 00:10:28.713903	242.2	23.5	7	0.2	0	0.897	0.0
2023-03-04 00:10:29.722659	243.2	23.6	13	0.2	0	0.898	0.0
