Date and time (UTC)	Real time (s)	CPU time (s)	CPU (%)	Memory (GB)	Memory (%)	Disk read (GB)	Disk write (GB)
2023-03-04 00:14:31.824668	1.0	0.0	0	0.0	0	0.028	0.0
2023-03-04 00:14:32.843657	2.0	0.1	5	0.0	0	0.102	0.0
2023-03-04 00:14:33.852751	3.0	0.1	7	0.0	0	0.135	0.0
2023-03-04 00:14:34.870762	4.1	0.2	2	0.0	0	0.135	0.0
2023-03-04 00:14:35.877945	5.1	0.2	3	0.0	0	0.136	0.0
2023-03-04 00:14:36.881007	6.1	0.2	5	0.0	0	0.136	0.0
2023-03-04 00:14:37.885755	7.1	0.5	27	0.2	0	0.138	0.0
2023-03-04 00:14:39.184779	8.4	1.0	49	0.7	0	0.186	0.0
2023-03-04 00:14:40.336828	9.5	1.6	42	1.6	1	0.199	0.0
2023-03-04 00:14:41.375284	10.6	2.1	49	2.3	1	0.199	0.0
2023-03-04 00:14:42.741594	11.9	2.6	39	2.9	2	0.199	0.0
2023-03-04 00:14:43.773608	13.0	3.0	32	2.9	2	0.2	0.0
2023-03-04 00:14:44.781419	14.0	3.4	43	2.9	2	0.202	0.0
2023-03-04 00:14:45.802431	15.0	3.9	47	2.9	2	0.202	0.0
2023-03-04 00:14:46.836078	16.0	4.4	48	2.9	2	0.203	0.0
2023-03-04 00:14:47.855409	17.0	4.9	48	2.9	2	0.203	0.0
2023-03-04 00:14:48.880607	18.1	5.4	47	2.9	2	0.204	0.0
2023-03-04 00:14:49.902502	19.1	5.9	48	2.9	2	0.204	0.0
2023-03-04 00:14:50.909395	20.1	6.3	46	1.7	1	0.205	0.0
2023-03-04 00:14:51.997989	21.2	6.8	49	2.5	1	0.205	0.0
2023-03-04 00:14:53.022588	22.2	7.3	48	3.1	2	0.206	0.0
2023-03-04 00:14:54.042891	23.2	7.8	46	3.1	2	0.209	0.0
2023-03-04 00:14:55.133012	24.3	8.3	46	3.1	2	0.212	0.0
2023-03-04 00:14:56.174861	25.4	8.8	48	3.1	2	0.213	0.0
2023-03-04 00:14:57.237681	26.4	9.3	45	3.1	2	0.215	0.0
2023-03-04 00:14:58.273431	27.5	9.8	47	3.1	2	0.217	0.0
2023-03-04 00:14:59.300287	28.5	10.2	46	3.1	2	0.219	0.0
2023-03-04 00:15:00.323099	29.5	10.7	46	3.1	2	0.222	0.0
2023-03-04 00:15:01.343216	30.5	11.2	44	3.1	2	0.225	0.0
2023-03-04 00:15:02.373503	31.6	11.6	45	3.1	2	0.228	0.0
2023-03-04 00:15:03.380830	32.6	12.1	47	1.9	1	0.228	0.0
2023-03-04 00:15:04.383757	33.6	12.5	38	0.2	0	0.236	0.015
2023-03-04 00:15:05.386361	34.6	12.9	42	0.3	0	0.38	0.015
2023-03-04 00:15:06.388891	35.6	13.4	49	0.4	0	0.381	0.015
2023-03-04 00:15:07.391455	36.6	13.9	49	0.4	0	0.381	0.015
2023-03-04 00:15:08.393995	37.6	14.3	41	0.2	0	0.381	0.037
2023-03-04 00:15:09.423440	38.6	14.7	44	0.2	0	0.381	0.037
2023-03-04 00:15:10.487110	39.7	15.2	41	0.2	0	0.389	0.037
2023-03-04 00:15:11.529437	40.7	15.6	40	0.2	0	0.396	0.037
2023-03-04 00:15:12.731965	41.9	15.8	15	0.2	0	0.491	0.037
2023-03-04 00:15:13.753807	42.9	15.9	16	0.3	0	0.644	0.037
2023-03-04 00:15:14.757782	43.9	16.4	49	0.5	0	0.644	0.037
2023-03-04 00:15:15.762591	44.9	16.9	50	0.6	0	0.644	0.037
2023-03-04 00:15:16.765816	45.9	17.3	34	0.2	0	0.649	0.059
2023-03-04 00:15:17.768465	47.0	17.7	46	0.2	0	0.649	0.059
2023-03-04 00:15:18.771061	48.0	18.2	49	0.2	0	0.649	0.059
2023-03-04 00:15:19.779644	49.0	18.7	48	0.5	0	0.65	0.059
2023-03-04 00:15:20.845550	50.0	19.1	41	0.5	0	0.796	0.059
2023-03-04 00:15:21.882351	51.1	19.6	45	0.5	0	0.799	0.059
2023-03-04 00:15:22.889897	52.1	20.0	36	0.2	0	0.803	0.059
2023-03-04 00:15:23.891693	53.1	20.3	35	0.2	0	0.808	0.08
2023-03-04 00:15:24.986953	54.2	20.5	21	0.2	0	0.828	0.081
2023-03-04 00:15:26.070313	55.2	20.8	28	0.2	0	0.846	0.081
2023-03-04 00:15:27.208306	56.4	21.2	32	0.2	0	0.865	0.081
2023-03-04 00:15:28.223094	57.4	21.6	41	0.5	0	1.011	0.081
2023-03-04 00:15:29.230431	58.4	22.1	50	0.6	0	1.011	0.081
2023-03-04 00:15:30.236778	59.4	22.6	45	0.2	0	1.011	0.095
2023-03-04 00:15:31.243900	60.4	23.0	43	0.7	0	1.011	0.102
2023-03-04 00:15:32.249959	61.4	23.5	47	0.2	0	1.011	0.102
2023-03-04 00:15:33.256526	62.4	24.0	50	0.2	0	1.011	0.102
2023-03-04 00:15:34.263141	63.4	24.5	48	0.4	0	1.15	0.102
2023-03-04 00:15:35.269602	64.5	25.0	50	0.5	0	1.15	0.102
2023-03-04 00:15:36.275908	65.5	25.5	50	0.2	0	1.15	0.102
2023-03-04 00:15:37.282275	66.5	25.8	39	0.2	0	1.15	0.124
2023-03-04 00:15:38.284977	67.5	26.3	47	0.2	0	1.15	0.124
2023-03-04 00:15:39.287623	68.5	26.8	53	0.2	0	1.15	0.124
2023-03-04 00:15:40.290233	69.5	27.3	47	0.3	0	1.289	0.124
2023-03-04 00:15:41.292771	70.5	27.8	51	0.4	0	1.289	0.124
2023-03-04 00:15:42.295378	71.5	28.3	49	0.6	0	1.289	0.124
2023-03-04 00:15:43.297971	72.5	28.7	41	0.2	0	1.289	0.145
2023-03-04 00:15:44.300731	73.5	29.2	47	0.2	0	1.289	0.146
2023-03-04 00:15:45.302851	74.5	29.7	48	0.2	0	1.289	0.146
2023-03-04 00:15:46.305467	75.5	30.2	51	0.3	0	1.428	0.146
2023-03-04 00:15:47.308114	76.5	30.7	49	0.5	0	1.429	0.146
2023-03-04 00:15:48.310569	77.5	31.2	50	0.6	0	1.429	0.146
2023-03-04 00:15:49.312784	78.5	31.6	41	0.2	0	1.429	0.167
2023-03-04 00:15:50.315403	79.5	32.1	48	0.2	0	1.429	0.167
2023-03-04 00:15:51.317903	80.5	32.5	48	0.2	0	1.429	0.167
2023-03-04 00:15:52.320436	81.5	33.0	48	0.2	0	1.429	0.167
2023-03-04 00:15:53.382831	82.6	33.5	49	0.5	0	1.568	0.167
2023-03-04 00:15:54.404429	83.6	34.0	49	0.6	0	1.568	0.167
2023-03-04 00:15:55.407061	84.6	34.5	41	0.2	0	1.571	0.189
2023-03-04 00:15:56.409553	85.6	34.9	48	0.2	0	1.571	0.189
2023-03-04 00:15:57.412067	86.6	35.4	50	0.2	0	1.571	0.189
2023-03-04 00:15:58.414644	87.6	35.9	49	0.2	0	1.571	0.189
2023-03-04 00:15:59.417253	88.6	36.4	48	0.5	0	1.711	0.189
2023-03-04 00:16:00.419745	89.6	36.9	50	0.6	0	1.711	0.189
2023-03-04 00:16:01.422469	90.6	37.3	41	0.2	0	1.711	0.211
2023-03-04 00:16:02.424958	91.6	37.8	47	0.2	0	1.711	0.211
2023-03-04 00:16:03.428719	92.6	38.3	49	0.2	0	1.711	0.211
2023-03-04 00:16:04.447618	93.6	38.8	49	0.5	0	1.85	0.211
2023-03-04 00:16:05.476612	94.7	39.3	53	0.6	0	1.851	0.211
2023-03-04 00:16:06.494401	95.7	39.7	37	0.2	0	1.855	0.232
2023-03-04 00:16:07.499675	96.7	40.2	47	0.2	0	1.855	0.232
2023-03-04 00:16:08.522741	97.7	40.6	47	0.2	0	1.856	0.232
2023-03-04 00:16:09.534685	98.7	41.1	46	0.2	0	1.858	0.232
2023-03-04 00:16:10.557833	99.7	41.6	46	0.5	0	2.0	0.233
2023-03-04 00:16:11.570094	100.8	42.1	49	0.6	0	2.0	0.233
2023-03-04 00:16:12.580902	101.8	42.5	42	0.5	0	2.0	0.254
2023-03-04 00:16:13.610497	102.8	43.0	43	0.2	0	2.005	0.254
2023-03-04 00:16:14.637033	103.8	43.4	43	0.2	0	2.01	0.254
2023-03-04 00:16:15.678909	104.9	43.9	45	0.5	0	2.15	0.254
2023-03-04 00:16:16.727876	105.9	44.3	44	0.6	0	2.153	0.254
2023-03-04 00:16:17.736125	106.9	44.8	44	0.2	0	2.155	0.254
2023-03-04 00:16:18.738696	107.9	45.1	37	0.2	0	2.159	0.276
2023-03-04 00:16:19.741252	108.9	45.6	46	0.2	0	2.159	0.276
2023-03-04 00:16:20.743832	109.9	46.1	50	0.2	0	2.159	0.276
2023-03-04 00:16:21.791190	111.0	46.6	48	0.4	0	2.298	0.276
2023-03-04 00:16:22.840141	112.0	47.1	49	0.5	0	2.3	0.276
2023-03-04 00:16:23.852930	113.0	47.6	50	0.2	0	2.3	0.276
2023-03-04 00:16:24.855533	114.0	48.0	37	0.2	0	2.306	0.297
2023-03-04 00:16:25.858110	115.0	48.4	45	0.2	0	2.306	0.298
2023-03-04 00:16:26.882684	116.1	48.9	47	0.3	0	2.445	0.298
2023-03-04 00:16:27.912914	117.1	49.4	50	0.5	0	2.446	0.298
2023-03-04 00:16:28.925731	118.1	49.9	49	0.4	0	2.446	0.298
2023-03-04 00:16:29.928380	119.1	50.3	33	0.2	0	2.451	0.319
2023-03-04 00:16:30.964734	120.1	50.8	49	0.2	0	2.452	0.319
2023-03-04 00:16:31.976836	121.2	51.2	42	0.3	0	2.579	0.32
2023-03-04 00:16:33.009459	122.2	51.7	46	0.5	0	2.594	0.32
2023-03-04 00:16:34.037853	123.2	52.1	44	0.6	0	2.597	0.32
2023-03-04 00:16:35.051696	124.2	52.5	39	0.2	0	2.6	0.341
2023-03-04 00:16:36.054317	125.2	52.9	43	0.2	0	2.604	0.341
2023-03-04 00:16:37.056832	126.2	53.4	48	0.2	0	2.605	0.341
2023-03-04 00:16:38.059414	127.2	54.0	63	0.5	0	2.744	0.341
2023-03-04 00:16:39.091205	128.3	54.5	48	0.6	0	2.745	0.341
2023-03-04 00:16:40.122075	129.3	55.0	40	0.2	0	2.749	0.363
2023-03-04 00:16:41.133295	130.3	55.4	47	0.2	0	2.75	0.363
2023-03-04 00:16:42.161121	131.3	55.9	45	0.3	0	2.889	0.363
2023-03-04 00:16:43.186340	132.4	56.4	45	0.5	0	2.892	0.363
2023-03-04 00:16:44.246175	133.4	56.8	48	0.6	0	2.895	0.363
2023-03-04 00:16:45.257982	134.4	57.2	35	0.7	0	2.958	0.384
2023-03-04 00:16:46.264088	135.4	57.7	44	0.2	0	2.963	0.385
2023-03-04 00:16:47.270354	136.5	58.1	48	0.2	0	2.963	0.385
2023-03-04 00:16:48.302704	137.5	58.6	47	0.5	0	3.104	0.385
2023-03-04 00:16:49.314865	138.5	59.1	48	0.6	0	3.104	0.385
2023-03-04 00:16:50.362056	139.5	59.5	40	0.2	0	3.107	0.406
2023-03-04 00:16:51.391358	140.6	59.9	39	0.5	0	3.116	0.406
2023-03-04 00:16:52.430142	141.6	60.4	45	0.2	0	3.119	0.406
2023-03-04 00:16:53.524385	142.7	60.9	44	0.5	0	3.264	0.407
2023-03-04 00:16:54.538610	143.7	61.4	50	0.6	0	3.264	0.407
2023-03-04 00:16:55.551942	144.7	61.9	48	0.5	0	3.264	0.421
2023-03-04 00:16:56.588353	145.8	62.2	32	0.2	0	3.274	0.428
2023-03-04 00:16:57.600532	146.8	62.6	45	0.2	0	3.274	0.428
2023-03-04 00:16:58.647192	147.8	63.0	33	0.2	0	3.282	0.428
2023-03-04 00:16:59.683177	148.9	63.4	41	0.5	0	3.425	0.428
2023-03-04 00:17:00.696636	149.9	63.9	49	0.6	0	3.425	0.428
2023-03-04 00:17:01.705011	150.9	64.3	41	0.2	0	3.426	0.45
2023-03-04 00:17:02.709457	151.9	64.7	41	0.2	0	3.43	0.45
2023-03-04 00:17:03.711689	152.9	65.2	49	0.2	0	3.431	0.45
2023-03-04 00:17:04.758417	153.9	65.7	48	0.5	0	3.57	0.45
2023-03-04 00:17:05.887079	155.1	66.2	47	0.6	0	3.573	0.45
2023-03-04 00:17:06.908954	156.1	66.7	38	0.2	0	3.574	0.468
2023-03-04 00:17:07.922575	157.1	67.1	42	0.7	0	3.58	0.472
2023-03-04 00:17:08.946637	158.1	67.5	45	0.2	0	3.581	0.472
2023-03-04 00:17:09.980705	159.2	68.0	44	0.5	0	3.726	0.472
2023-03-04 00:17:11.006504	160.2	68.5	48	0.6	0	3.728	0.472
2023-03-04 00:17:12.016827	161.2	69.0	50	0.5	0	3.728	0.472
2023-03-04 00:17:13.040088	162.2	69.3	34	0.2	0	3.736	0.493
2023-03-04 00:17:14.052044	163.2	69.8	44	0.2	0	3.737	0.493
2023-03-04 00:17:15.075070	164.3	70.3	48	0.4	0	3.875	0.494
2023-03-04 00:17:16.126707	165.3	70.7	43	0.4	0	3.88	0.494
2023-03-04 00:17:17.154647	166.3	71.2	46	0.6	0	3.881	0.494
2023-03-04 00:17:18.159885	167.3	71.5	35	0.2	0	3.902	0.515
2023-03-04 00:17:19.161777	168.3	72.0	45	0.2	0	3.903	0.515
2023-03-04 00:17:20.164322	169.3	72.5	50	0.2	0	3.903	0.515
2023-03-04 00:17:21.199922	170.4	73.0	48	0.3	0	4.042	0.515
2023-03-04 00:17:22.236536	171.4	73.5	47	0.4	0	4.045	0.515
2023-03-04 00:17:23.264116	172.4	73.9	46	0.6	0	4.047	0.515
2023-03-04 00:17:24.269796	173.5	74.3	33	0.2	0	4.051	0.537
2023-03-04 00:17:25.271796	174.5	74.7	47	0.2	0	4.053	0.537
2023-03-04 00:17:26.298300	175.5	75.2	48	0.2	0	4.053	0.537
2023-03-04 00:17:27.308586	176.5	75.7	48	0.2	0	4.054	0.537
2023-03-04 00:17:28.312206	177.5	76.2	47	0.2	0	4.118	0.537
2023-03-04 00:17:29.336056	178.5	76.7	48	0.5	0	4.195	0.537
2023-03-04 00:17:30.386554	179.6	77.1	42	0.6	0	4.201	0.537
2023-03-04 00:17:31.396619	180.6	77.5	40	0.2	0	4.201	0.559
2023-03-04 00:17:32.402975	181.6	77.9	41	0.2	0	4.206	0.559
2023-03-04 00:17:33.409245	182.6	78.4	49	0.2	0	4.206	0.559
2023-03-04 00:17:34.459944	183.6	78.9	44	0.5	0	4.348	0.559
2023-03-04 00:17:35.472148	184.7	79.4	48	0.6	0	4.349	0.559
2023-03-04 00:17:36.474930	185.7	79.8	44	0.2	0	4.349	0.567
2023-03-04 00:17:37.477570	186.7	80.2	37	0.2	0	4.354	0.58
2023-03-04 00:17:38.535904	187.7	80.6	43	0.2	0	4.357	0.58
