Date and time (UTC)	Real time (s)	CPU time (s)	CPU (%)	Memory (GB)	Memory (%)	Disk read (GB)	Disk write (GB)
2023-03-02 15:10:12.168803	1.0	0.1	0	0.0	0	0.015	0.0
2023-03-02 15:10:13.172501	2.0	0.1	3	0.0	0	0.063	0.0
2023-03-02 15:10:14.174907	3.0	0.1	4	0.0	0	0.065	0.0
2023-03-02 15:10:15.177644	4.0	0.2	3	0.0	0	0.07	0.0
2023-03-02 15:10:16.180014	5.0	0.2	5	0.0	0	0.072	0.0
2023-03-02 15:10:17.182156	6.0	0.2	5	0.0	0	0.073	0.0
2023-03-02 15:10:18.184569	7.0	0.3	4	0.0	0	0.075	0.0
2023-03-02 15:10:19.187148	8.0	0.4	7	0.0	0	0.076	0.0
2023-03-02 15:10:20.189655	9.0	0.4	4	0.0	0	0.092	0.0
2023-03-02 15:10:21.192032	10.0	0.4	5	0.0	0	0.096	0.0
2023-03-02 15:10:22.194449	11.0	0.5	2	0.0	0	0.099	0.0
2023-03-02 15:10:23.196899	12.0	0.5	5	0.0	0	0.1	0.0
2023-03-02 15:10:24.199869	13.0	0.6	6	0.0	0	0.105	0.0
2023-03-02 15:10:25.203507	14.0	0.8	18	0.1	0	0.108	0.0
2023-03-02 15:10:26.207033	15.0	0.8	5	0.1	0	0.11	0.0
2023-03-02 15:10:27.212335	16.0	0.9	7	0.1	0	0.117	0.0
2023-03-02 15:10:28.216028	17.1	1.1	21	0.1	0	0.119	0.0
2023-03-02 15:10:29.219912	18.1	1.3	20	0.1	0	0.12	0.0
2023-03-02 15:10:30.223588	19.1	1.5	17	0.1	0	0.122	0.0
2023-03-02 15:10:31.227666	20.1	1.7	26	0.1	0	0.124	0.0
2023-03-02 15:10:32.231354	21.1	1.8	7	0.1	0	0.127	0.0
2023-03-02 15:10:33.235342	22.1	1.9	9	0.1	0	0.133	0.0
2023-03-02 15:10:34.238121	23.1	2.0	8	0.1	0	0.135	0.0
2023-03-02 15:10:35.240492	24.1	2.0	5	0.1	0	0.138	0.0
2023-03-02 15:10:36.242910	25.1	2.1	7	0.1	0	0.14	0.0
2023-03-02 15:10:37.245311	26.1	2.1	3	0.1	0	0.141	0.0
2023-03-02 15:10:38.247801	27.1	2.2	5	0.1	0	0.145	0.0
2023-03-02 15:10:39.250296	28.1	2.2	4	0.1	0	0.146	0.0
2023-03-02 15:10:40.252672	29.1	2.2	4	0.1	0	0.152	0.0
2023-03-02 15:10:41.254997	30.1	2.3	2	0.1	0	0.155	0.0
2023-03-02 15:10:42.257445	31.1	2.3	3	0.1	0	0.16	0.0
2023-03-02 15:10:43.259854	32.1	2.4	7	0.1	0	0.164	0.0
2023-03-02 15:10:44.262233	33.1	2.4	7	0.1	0	0.167	0.0
2023-03-02 15:10:45.264645	34.1	2.5	4	0.1	0	0.168	0.0
2023-03-02 15:10:46.267124	35.1	2.5	7	0.1	0	0.173	0.0
2023-03-02 15:10:47.269594	36.1	2.6	7	0.1	0	0.191	0.0
2023-03-02 15:10:48.272032	37.1	2.6	1	0.1	0	0.192	0.0
2023-03-02 15:10:49.274461	38.1	2.6	3	0.1	0	0.259	0.0
2023-03-02 15:10:50.277026	39.1	2.7	5	0.1	0	0.333	0.0
2023-03-02 15:10:51.279387	40.1	2.8	8	0.1	0	0.334	0.0
2023-03-02 15:10:52.281771	41.1	2.8	5	0.1	0	0.336	0.0
2023-03-02 15:10:53.284376	42.1	2.9	5	0.1	0	0.337	0.0
2023-03-02 15:10:54.287318	43.1	3.0	9	0.1	0	0.339	0.0
2023-03-02 15:10:55.289719	44.1	3.0	4	0.1	0	0.34	0.0
2023-03-02 15:10:56.292148	45.1	3.1	6	0.1	0	0.341	0.0
2023-03-02 15:10:57.294529	46.1	3.2	13	0.2	0	0.343	0.0
2023-03-02 15:10:58.306403	47.1	3.5	31	0.2	0	0.345	0.0
2023-03-02 15:10:59.309171	48.1	3.8	28	0.2	0	0.345	0.0
2023-03-02 15:11:00.312403	49.1	3.9	7	0.2	0	0.346	0.0
2023-03-02 15:11:01.314719	50.1	3.9	4	0.2	0	0.347	0.0
2023-03-02 15:11:02.320511	51.2	4.0	5	0.2	0	0.375	0.0
2023-03-02 15:11:03.323160	52.2	4.0	3	0.2	0	0.377	0.0
2023-03-02 15:11:04.325621	53.2	4.2	20	0.2	0	0.378	0.0
2023-03-02 15:11:05.328067	54.2	4.3	8	0.2	0	0.384	0.0
2023-03-02 15:11:06.330559	55.2	4.3	7	0.2	0	0.386	0.0
2023-03-02 15:11:07.333010	56.2	4.4	5	0.2	0	0.387	0.0
2023-03-02 15:11:08.335395	57.2	4.5	17	0.2	0	0.392	0.0
2023-03-02 15:11:09.337793	58.2	4.9	34	0.2	0	0.392	0.0
2023-03-02 15:11:10.340151	59.2	5.2	32	0.2	0	0.392	0.0
2023-03-02 15:11:11.342890	60.2	5.5	33	0.2	0	0.392	0.0
2023-03-02 15:11:12.346414	61.2	5.9	33	0.2	0	0.392	0.0
2023-03-02 15:11:13.348587	62.2	6.2	33	0.2	0	0.392	0.0
2023-03-02 15:11:14.351000	63.2	6.6	41	0.2	0	0.4	0.0
2023-03-02 15:11:15.353473	64.2	7.0	34	0.2	0	0.4	0.0
2023-03-02 15:11:16.362656	65.2	7.3	32	0.2	0	0.4	0.0
2023-03-02 15:11:17.365665	66.2	7.6	33	0.2	0	0.4	0.0
2023-03-02 15:11:18.368231	67.2	7.9	33	0.2	0	0.4	0.0
2023-03-02 15:11:19.370627	68.2	8.3	38	0.2	0	0.41	0.0
2023-03-02 15:11:20.373003	69.2	8.6	33	0.2	0	0.41	0.0
2023-03-02 15:11:21.375427	70.2	9.0	34	0.2	0	0.41	0.0
2023-03-02 15:11:22.377845	71.2	9.3	37	0.2	0	0.417	0.0
2023-03-02 15:11:23.380287	72.2	9.7	33	0.2	0	0.417	0.0
2023-03-02 15:11:24.382664	73.2	10.0	33	0.2	0	0.417	0.0
2023-03-02 15:11:25.385133	74.2	10.4	38	0.2	0	0.426	0.0
2023-03-02 15:11:26.394379	75.2	10.7	32	0.2	0	0.426	0.0
2023-03-02 15:11:27.397163	76.2	11.2	44	0.2	0	0.426	0.0
2023-03-02 15:11:28.399642	77.2	11.5	37	0.2	0	0.434	0.0
2023-03-02 15:11:29.402119	78.2	11.8	32	0.2	0	0.434	0.0
2023-03-02 15:11:30.404492	79.2	12.2	38	0.2	0	0.435	0.0
2023-03-02 15:11:31.407088	80.2	12.6	36	0.2	0	0.446	0.0
2023-03-02 15:11:32.409568	81.2	12.9	32	0.2	0	0.447	0.0
2023-03-02 15:11:33.412072	82.2	13.2	33	0.2	0	0.447	0.0
2023-03-02 15:11:34.414531	83.2	13.7	44	0.2	0	0.455	0.0
2023-03-02 15:11:35.417084	84.3	14.0	33	0.2	0	0.455	0.0
2023-03-02 15:11:36.419523	85.3	14.3	31	0.2	0	0.455	0.0
2023-03-02 15:11:37.422063	86.3	14.7	36	0.2	0	0.464	0.0
2023-03-02 15:11:38.424504	87.3	15.0	33	0.2	0	0.464	0.0
2023-03-02 15:11:39.426999	88.3	15.3	32	0.2	0	0.464	0.0
2023-03-02 15:11:40.429508	89.3	15.7	37	0.2	0	0.474	0.0
2023-03-02 15:11:41.431910	90.3	16.0	33	0.2	0	0.474	0.0
2023-03-02 15:11:42.435012	91.3	16.3	25	0.2	0	0.475	0.0
2023-03-02 15:11:43.437440	92.3	16.6	31	0.2	0	0.475	0.0
2023-03-02 15:11:44.439852	93.3	16.9	37	0.2	0	0.484	0.0
2023-03-02 15:11:45.442352	94.3	17.2	24	0.2	0	0.484	0.0
2023-03-02 15:11:46.444828	95.3	17.4	18	0.2	0	0.484	0.0
2023-03-02 15:11:47.447420	96.3	17.6	18	0.2	0	0.484	0.0
2023-03-02 15:11:48.449881	97.3	17.7	17	0.2	0	0.484	0.0
2023-03-02 15:11:49.452831	98.3	17.9	22	0.2	0	0.492	0.0
2023-03-02 15:11:50.455244	99.3	18.1	15	0.2	0	0.492	0.0
2023-03-02 15:11:51.457766	100.3	18.3	17	0.2	0	0.492	0.0
2023-03-02 15:11:52.460157	101.3	18.4	16	0.2	0	0.495	0.0
2023-03-02 15:11:53.462624	102.3	18.6	15	0.2	0	0.495	0.0
2023-03-02 15:11:54.465079	103.3	18.7	15	0.2	0	0.495	0.0
2023-03-02 15:11:55.467588	104.3	18.9	14	0.2	0	0.495	0.0
2023-03-02 15:11:56.470017	105.3	19.1	20	0.2	0	0.503	0.0
2023-03-02 15:11:57.472479	106.3	19.2	14	0.2	0	0.503	0.0
2023-03-02 15:11:58.474958	107.3	19.4	16	0.2	0	0.503	0.0
2023-03-02 15:11:59.477449	108.3	19.5	14	0.2	0	0.504	0.0
2023-03-02 15:12:00.479940	109.3	19.6	14	0.2	0	0.504	0.0
2023-03-02 15:12:01.482398	110.3	19.8	15	0.2	0	0.504	0.0
2023-03-02 15:12:02.484934	111.3	19.9	14	0.2	0	0.505	0.0
2023-03-02 15:12:03.487467	112.3	20.1	15	0.2	0	0.506	0.0
2023-03-02 15:12:04.490005	113.3	20.3	18	0.2	0	0.51	0.0
2023-03-02 15:12:05.492481	114.3	20.4	18	0.2	0	0.521	0.0
2023-03-02 15:12:06.494986	115.3	20.6	12	0.2	0	0.523	0.0
2023-03-02 15:12:07.497764	116.3	20.7	14	0.2	0	0.527	0.0
2023-03-02 15:12:08.500178	117.3	20.8	14	0.2	0	0.527	0.0
2023-03-02 15:12:09.516415	118.4	21.0	13	0.2	0	0.527	0.0
2023-03-02 15:12:10.518321	119.4	21.1	14	0.2	0	0.527	0.0
2023-03-02 15:12:11.520765	120.4	21.2	14	0.2	0	0.527	0.0
2023-03-02 15:12:12.523376	121.4	21.4	14	0.2	0	0.53	0.0
2023-03-02 15:12:13.525885	122.4	21.6	17	0.2	0	0.53	0.0
2023-03-02 15:12:14.528507	123.4	21.7	18	0.2	0	0.54	0.0
2023-03-02 15:12:15.530236	124.4	21.9	14	0.2	0	0.541	0.0
2023-03-02 15:12:16.538975	125.4	22.0	15	0.2	0	0.543	0.0
2023-03-02 15:12:17.543053	126.4	22.2	13	0.2	0	0.543	0.0
2023-03-02 15:12:18.545657	127.4	22.3	14	0.2	0	0.544	0.0
2023-03-02 15:12:19.552061	128.4	22.4	13	0.2	0	0.545	0.0
2023-03-02 15:12:20.555109	129.4	22.6	15	0.2	0	0.545	0.0
2023-03-02 15:12:21.558478	130.4	22.7	13	0.2	0	0.545	0.0
2023-03-02 15:12:22.561071	131.4	22.9	21	0.2	0	0.556	0.0
2023-03-02 15:12:23.563618	132.4	23.1	14	0.2	0	0.557	0.0
2023-03-02 15:12:24.566061	133.4	23.2	14	0.2	0	0.558	0.0
2023-03-02 15:12:25.569537	134.4	23.3	14	0.2	0	0.56	0.0
2023-03-02 15:12:26.573985	135.4	23.5	15	0.2	0	0.561	0.0
2023-03-02 15:12:27.576491	136.4	23.7	16	0.2	0	0.561	0.0
2023-03-02 15:12:28.578310	137.4	23.8	17	0.2	0	0.562	0.0
2023-03-02 15:12:29.585301	138.4	24.1	23	0.2	0	0.573	0.0
2023-03-02 15:12:30.590656	139.4	24.2	16	0.2	0	0.576	0.0
2023-03-02 15:12:31.594445	140.4	24.4	17	0.2	0	0.576	0.0
2023-03-02 15:12:32.597400	141.4	24.5	15	0.2	0	0.58	0.0
2023-03-02 15:12:33.602781	142.4	24.7	16	0.2	0	0.581	0.0
2023-03-02 15:12:34.606927	143.4	24.9	16	0.2	0	0.59	0.0
2023-03-02 15:12:35.616005	144.5	25.0	16	0.2	0	0.592	0.0
2023-03-02 15:12:36.621784	145.5	25.2	17	0.2	0	0.593	0.0
2023-03-02 15:12:37.624656	146.5	25.4	22	0.2	0	0.603	0.0
2023-03-02 15:12:38.627241	147.5	25.6	16	0.2	0	0.604	0.0
2023-03-02 15:12:39.636517	148.5	25.7	17	0.2	0	0.606	0.0
2023-03-02 15:12:40.651880	149.5	25.9	16	0.2	0	0.613	0.0
2023-03-02 15:12:41.659976	150.5	26.0	15	0.2	0	0.614	0.0
2023-03-02 15:12:42.665071	151.5	26.2	16	0.2	0	0.616	0.0
2023-03-02 15:12:43.671710	152.5	26.4	19	0.2	0	0.617	0.0
2023-03-02 15:12:44.675393	153.5	26.6	21	0.2	0	0.627	0.0
2023-03-02 15:12:45.677941	154.5	26.8	16	0.2	0	0.629	0.0
2023-03-02 15:12:46.682170	155.5	26.9	17	0.2	0	0.63	0.0
2023-03-02 15:12:47.688136	156.5	27.1	16	0.2	0	0.63	0.0
2023-03-02 15:12:48.690595	157.5	27.2	15	0.2	0	0.631	0.0
2023-03-02 15:12:49.693204	158.5	27.4	16	0.2	0	0.631	0.0
2023-03-02 15:12:50.698112	159.5	27.6	21	0.2	0	0.638	0.0
2023-03-02 15:12:51.702939	160.5	27.8	17	0.2	0	0.642	0.0
2023-03-02 15:12:52.705966	161.5	27.9	16	0.2	0	0.643	0.0
2023-03-02 15:12:53.708333	162.5	28.1	16	0.2	0	0.643	0.0
2023-03-02 15:12:54.710814	163.5	28.3	17	0.2	0	0.643	0.0
2023-03-02 15:12:55.713642	164.5	28.4	14	0.2	0	0.643	0.0
2023-03-02 15:12:56.716100	165.6	28.6	19	0.2	0	0.644	0.0
2023-03-02 15:12:57.718532	166.6	28.8	21	0.2	0	0.653	0.0
2023-03-02 15:12:58.721684	167.6	29.0	16	0.2	0	0.653	0.0
2023-03-02 15:12:59.723897	168.6	29.1	16	0.2	0	0.654	0.0
2023-03-02 15:13:00.726565	169.6	29.3	16	0.2	0	0.654	0.0
2023-03-02 15:13:01.728460	170.6	29.5	16	0.2	0	0.655	0.0
2023-03-02 15:13:02.731027	171.6	29.6	14	0.2	0	0.656	0.0
2023-03-02 15:13:03.733374	172.6	29.8	23	0.2	0	0.665	0.0
2023-03-02 15:13:04.735905	173.6	30.0	16	0.2	0	0.665	0.0
2023-03-02 15:13:05.755241	174.6	30.1	16	0.2	0	0.666	0.0
2023-03-02 15:13:06.761913	175.6	30.3	16	0.2	0	0.668	0.0
2023-03-02 15:13:07.764393	176.6	30.5	16	0.2	0	0.67	0.0
2023-03-02 15:13:08.786266	177.6	30.6	17	0.2	0	0.684	0.0
2023-03-02 15:13:09.788390	178.6	30.8	20	0.2	0	0.686	0.0
2023-03-02 15:13:10.790862	179.6	31.1	25	0.2	0	0.698	0.0
2023-03-02 15:13:11.793350	180.6	31.3	19	0.2	0	0.698	0.0
2023-03-02 15:13:12.795813	181.6	31.5	19	0.2	0	0.699	0.0
2023-03-02 15:13:13.798299	182.6	31.6	18	0.2	0	0.7	0.0
2023-03-02 15:13:14.800788	183.6	31.8	20	0.2	0	0.702	0.0
2023-03-02 15:13:15.803313	184.6	32.0	18	0.2	0	0.702	0.0
2023-03-02 15:13:16.805984	185.6	32.2	20	0.2	0	0.704	0.0
2023-03-02 15:13:17.808444	186.6	32.4	18	0.2	0	0.704	0.0
2023-03-02 15:13:18.812160	187.6	32.7	31	0.2	0	0.714	0.0
2023-03-02 15:13:19.816379	188.7	33.0	25	0.2	0	0.716	0.0
2023-03-02 15:13:20.818316	189.7	33.3	32	0.2	0	0.716	0.0
2023-03-02 15:13:21.820870	190.7	33.7	41	0.2	0	0.718	0.0
2023-03-02 15:13:22.823394	191.7	34.1	44	0.2	0	0.726	0.0
2023-03-02 15:13:23.827128	192.7	34.6	45	0.2	0	0.728	0.0
2023-03-02 15:13:24.833308	193.7	35.0	47	0.2	0	0.737	0.0
2023-03-02 15:13:25.835805	194.7	35.4	34	0.2	0	0.737	0.0
2023-03-02 15:13:26.838340	195.7	35.7	32	0.2	0	0.738	0.0
2023-03-02 15:13:27.840831	196.7	36.1	37	0.2	0	0.746	0.0
2023-03-02 15:13:28.843300	197.7	36.4	31	0.2	0	0.746	0.0
2023-03-02 15:13:29.845369	198.7	36.6	25	0.2	0	0.746	0.0
2023-03-02 15:13:30.848046	199.7	36.9	21	0.2	0	0.75	0.0
2023-03-02 15:13:31.850276	200.7	37.1	30	0.2	0	0.751	0.0
2023-03-02 15:13:32.853138	201.7	37.5	32	0.2	0	0.759	0.0
2023-03-02 15:13:33.857846	202.7	37.7	22	0.2	0	0.76	0.0
2023-03-02 15:13:34.862135	203.7	37.9	23	0.2	0	0.764	0.0
2023-03-02 15:13:35.864615	204.7	38.1	20	0.2	0	0.764	0.0
2023-03-02 15:13:36.867177	205.7	38.4	24	0.2	0	0.77	0.0
2023-03-02 15:13:37.871872	206.7	38.5	18	0.2	0	0.775	0.0
2023-03-02 15:13:38.874534	207.7	38.7	16	0.2	0	0.776	0.0
2023-03-02 15:13:39.877922	208.7	38.9	16	0.2	0	0.776	0.0
2023-03-02 15:13:40.882016	209.7	39.0	17	0.2	0	0.777	0.0
2023-03-02 15:13:41.884307	210.7	39.2	18	0.2	0	0.777	0.0
2023-03-02 15:13:42.889475	211.7	39.4	20	0.2	0	0.78	0.0
2023-03-02 15:13:43.892277	212.7	39.6	22	0.2	0	0.782	0.0
2023-03-02 15:13:44.897790	213.7	39.8	14	0.2	0	0.793	0.0
2023-03-02 15:13:45.902015	214.7	40.0	19	0.2	0	0.796	0.0
2023-03-02 15:13:46.906555	215.7	40.1	18	0.2	0	0.798	0.0
2023-03-02 15:13:47.908315	216.7	40.3	18	0.2	0	0.799	0.0
2023-03-02 15:13:48.910918	217.7	40.5	20	0.2	0	0.804	0.0
2023-03-02 15:13:49.914053	218.7	40.7	17	0.2	0	0.804	0.0
2023-03-02 15:13:50.916523	219.8	40.9	18	0.2	0	0.805	0.0
2023-03-02 15:13:51.918723	220.8	41.0	18	0.2	0	0.806	0.0
2023-03-02 15:13:52.921185	221.8	41.2	16	0.2	0	0.806	0.0
2023-03-02 15:13:53.923605	222.8	41.4	17	0.3	0	0.806	0.0
2023-03-02 15:13:54.926090	223.8	41.5	15	0.3	0	0.808	0.001
2023-03-02 15:13:55.931228	224.8	41.7	18	0.3	0	0.814	0.001
2023-03-02 15:13:56.935384	225.8	41.8	8	0.3	0	0.815	0.001
2023-03-02 15:13:57.937924	226.8	41.9	11	0.3	0	0.815	0.001
2023-03-02 15:13:58.943382	227.8	42.1	16	0.3	0	0.818	0.001
2023-03-02 15:13:59.946612	228.8	42.2	17	0.3	0	0.818	0.001
2023-03-02 15:14:00.949668	229.8	42.4	15	0.3	0	0.819	0.001
2023-03-02 15:14:01.953292	230.8	42.6	17	0.3	0	0.82	0.001
2023-03-02 15:14:02.955657	231.8	42.7	15	0.3	0	0.821	0.001
2023-03-02 15:14:03.958634	232.8	42.9	16	0.3	0	0.822	0.001
2023-03-02 15:14:04.962146	233.8	43.0	15	0.3	0	0.833	0.001
2023-03-02 15:14:05.964561	234.8	43.2	16	0.3	0	0.834	0.001
2023-03-02 15:14:06.967100	235.8	43.3	15	0.3	0	0.834	0.001
2023-03-02 15:14:07.969862	236.8	43.5	15	0.3	0	0.834	0.001
2023-03-02 15:14:08.972207	237.8	43.6	16	0.3	0	0.834	0.001
2023-03-02 15:14:09.974591	238.8	43.8	15	0.3	0	0.834	0.001
2023-03-02 15:14:10.977026	239.8	43.9	14	0.3	0	0.834	0.001
2023-03-02 15:14:11.986035	240.8	44.0	12	0.3	0	0.834	0.001
2023-03-02 15:14:12.990776	241.8	44.2	13	0.3	0	0.834	0.001
2023-03-02 15:14:13.993399	242.8	44.3	14	0.3	0	0.834	0.001
2023-03-02 15:14:14.997568	243.8	44.5	16	0.3	0	0.835	0.001
2023-03-02 15:14:16.001227	244.8	44.6	15	0.3	0	0.835	0.002
2023-03-02 15:14:17.003585	245.8	44.8	16	0.3	0	0.835	0.002
2023-03-02 15:14:18.005979	246.8	44.9	16	0.3	0	0.835	0.002
2023-03-02 15:14:19.013938	247.8	45.1	16	0.3	0	0.836	0.002
2023-03-02 15:14:20.024178	248.9	45.3	16	0.3	0	0.837	0.002
2023-03-02 15:14:21.026561	249.9	45.4	15	0.3	0	0.837	0.002
2023-03-02 15:14:22.028395	250.9	45.6	16	0.3	0	0.843	0.002
2023-03-02 15:14:23.032292	251.9	45.7	14	0.3	0	0.843	0.002
2023-03-02 15:14:24.034862	252.9	45.9	18	0.3	0	0.843	0.002
2023-03-02 15:14:25.037370	253.9	46.0	15	0.3	0	0.843	0.002
2023-03-02 15:14:26.048243	254.9	46.2	15	0.3	0	0.843	0.002
2023-03-02 15:14:27.058738	255.9	46.3	7	0.3	0	0.843	0.002
2023-03-02 15:14:28.061392	256.9	46.4	14	0.3	0	0.844	0.002
2023-03-02 15:14:29.063866	257.9	46.6	18	0.3	0	0.844	0.002
2023-03-02 15:14:30.067855	258.9	46.7	16	0.3	0	0.845	0.002
2023-03-02 15:14:31.070620	259.9	46.9	14	0.3	0	0.845	0.002
2023-03-02 15:14:32.092968	260.9	47.0	16	0.3	0	0.845	0.002
2023-03-02 15:14:33.095625	261.9	47.2	17	0.3	0	0.845	0.002
2023-03-02 15:14:34.098013	262.9	47.4	16	0.3	0	0.846	0.002
2023-03-02 15:14:35.100595	263.9	47.5	18	0.3	0	0.847	0.002
2023-03-02 15:14:36.102925	264.9	47.7	19	0.3	0	0.847	0.003
2023-03-02 15:14:37.105366	265.9	47.9	17	0.3	0	0.847	0.003
2023-03-02 15:14:38.108206	266.9	48.1	19	0.3	0	0.847	0.003
2023-03-02 15:14:39.110684	267.9	48.3	18	0.3	0	0.848	0.003
2023-03-02 15:14:40.113818	268.9	48.5	19	0.3	0	0.85	0.003
2023-03-02 15:14:41.116181	270.0	48.6	18	0.3	0	0.851	0.003
2023-03-02 15:14:42.118201	271.0	48.8	16	0.3	0	0.851	0.003
2023-03-02 15:14:43.120700	272.0	49.0	16	0.3	0	0.851	0.003
2023-03-02 15:14:44.134579	273.0	49.1	16	0.3	0	0.852	0.003
2023-03-02 15:14:45.137125	274.0	49.3	18	0.3	0	0.853	0.003
2023-03-02 15:14:46.139724	275.0	49.5	15	0.2	0	0.853	0.003
2023-03-02 15:14:47.143202	276.0	49.6	18	0.3	0	0.855	0.003
2023-03-02 15:14:48.145889	277.0	49.8	18	0.3	0	0.862	0.003
2023-03-02 15:14:49.148329	278.0	50.0	17	0.2	0	0.862	0.003
2023-03-02 15:14:50.150853	279.0	50.2	19	0.3	0	0.863	0.003
2023-03-02 15:14:51.153332	280.0	50.4	19	0.3	0	0.863	0.003
2023-03-02 15:14:52.155821	281.0	50.6	19	0.2	0	0.863	0.004
2023-03-02 15:14:53.158278	282.0	50.7	18	0.3	0	0.864	0.004
2023-03-02 15:14:54.160736	283.0	50.9	17	0.3	0	0.864	0.004
2023-03-02 15:14:55.177017	284.0	51.1	15	0.2	0	0.864	0.004
2023-03-02 15:14:56.179399	285.0	51.2	17	0.3	0	0.864	0.004
2023-03-02 15:14:57.181799	286.0	51.4	15	0.2	0	0.865	0.004
2023-03-02 15:14:58.184216	287.0	51.5	17	0.3	0	0.866	0.004
2023-03-02 15:14:59.186741	288.0	51.7	17	0.3	0	0.866	0.004
2023-03-02 15:15:00.188241	289.0	51.9	15	0.2	0	0.867	0.004
2023-03-02 15:15:01.190711	290.0	52.0	17	0.3	0	0.867	0.004
2023-03-02 15:15:02.195466	291.0	52.2	14	0.2	0	0.869	0.004
2023-03-02 15:15:03.198354	292.0	52.3	16	0.2	0	0.869	0.004
2023-03-02 15:15:04.200763	293.0	52.5	16	0.3	0	0.872	0.004
2023-03-02 15:15:05.203201	294.0	52.7	16	0.2	0	0.872	0.004
2023-03-02 15:15:06.205509	295.0	52.8	18	0.2	0	0.876	0.004
2023-03-02 15:15:07.208166	296.0	53.0	18	0.3	0	0.876	0.004
2023-03-02 15:15:08.210694	297.0	53.2	19	0.2	0	0.881	0.004
2023-03-02 15:15:09.224791	298.1	53.4	15	0.2	0	0.886	0.005
2023-03-02 15:15:10.228416	299.1	53.5	13	0.2	0	0.894	0.005
2023-03-02 15:15:11.231020	300.1	53.7	18	0.2	0	0.897	0.005
2023-03-02 15:15:12.234120	301.1	53.8	16	0.2	0	0.909	0.005
