Date and time (UTC)	Real time (s)	CPU time (s)	CPU (%)	Memory (GB)	Memory (%)	Disk read (GB)	Disk write (GB)
2023-03-04 00:04:49.556308	1.0	0.0	0	0.0	0	0.042	0.0
2023-03-04 00:04:50.566908	2.0	0.1	9	0.0	0	0.117	0.0
2023-03-04 00:04:51.569483	3.0	0.2	6	0.0	0	0.118	0.0
2023-03-04 00:04:52.591124	4.1	0.3	10	0.1	0	0.12	0.0
2023-03-04 00:04:53.652478	5.1	0.4	11	0.2	0	0.121	0.0
2023-03-04 00:04:54.881213	6.3	0.5	11	0.2	0	0.214	0.0
2023-03-04 00:04:55.921886	7.4	0.6	10	0.3	0	0.217	0.0
2023-03-04 00:04:56.936363	8.4	0.8	12	0.3	0	0.217	0.0
2023-03-04 00:04:57.942619	9.4	0.9	10	0.3	0	0.217	0.0
2023-03-04 00:04:58.952778	10.4	1.0	11	0.3	0	0.217	0.0
2023-03-04 00:04:59.999060	11.5	1.1	12	0.3	0	0.217	0.0
2023-03-04 00:05:01.019086	12.5	1.2	10	0.3	0	0.217	0.0
2023-03-04 00:05:02.025274	13.5	1.3	12	0.3	0	0.217	0.0
2023-03-04 00:05:03.037022	14.5	1.4	11	0.4	0	0.217	0.0
2023-03-04 00:05:04.057145	15.5	1.5	11	0.5	0	0.217	0.0
2023-03-04 00:05:05.086250	16.6	1.6	11	0.5	0	0.217	0.0
2023-03-04 00:05:06.103181	17.6	1.8	11	0.4	0	0.217	0.0
2023-03-04 00:05:07.112200	18.6	1.9	11	0.4	0	0.217	0.0
2023-03-04 00:05:08.115216	19.6	2.0	12	0.5	0	0.217	0.0
2023-03-04 00:05:09.117793	20.6	2.1	11	0.5	0	0.217	0.0
2023-03-04 00:05:10.123640	21.6	2.2	10	0.5	0	0.217	0.0
2023-03-04 00:05:11.140947	22.6	2.3	12	0.6	0	0.217	0.0
2023-03-04 00:05:12.175311	23.6	2.4	11	0.4	0	0.217	0.0
2023-03-04 00:05:13.228173	24.7	2.5	11	0.4	0	0.217	0.0
2023-03-04 00:05:14.251019	25.7	2.7	11	0.4	0	0.217	0.0
2023-03-04 00:05:15.267117	26.7	2.8	11	0.2	0	0.217	0.0
2023-03-04 00:05:16.292445	27.8	2.9	10	0.2	0	0.373	0.02
2023-03-04 00:05:17.299291	28.8	3.0	10	0.3	0	0.376	0.02
2023-03-04 00:05:18.302048	29.8	3.1	12	0.3	0	0.378	0.02
2023-03-04 00:05:19.304944	30.8	3.2	10	0.4	0	0.378	0.02
2023-03-04 00:05:20.307852	31.8	3.3	11	0.4	0	0.378	0.02
2023-03-04 00:05:21.310197	32.8	3.4	11	0.4	0	0.378	0.02
2023-03-04 00:05:22.312239	33.8	3.5	11	0.4	0	0.378	0.02
2023-03-04 00:05:23.314103	34.8	3.6	11	0.4	0	0.378	0.02
2023-03-04 00:05:24.476586	35.9	3.7	10	0.4	0	0.378	0.02
2023-03-04 00:05:25.513230	37.0	3.8	11	0.4	0	0.378	0.02
2023-03-04 00:05:26.527104	38.0	4.0	11	0.4	0	0.378	0.02
2023-03-04 00:05:27.532734	39.0	4.1	11	0.5	0	0.378	0.02
2023-03-04 00:05:28.551013	40.0	4.2	11	0.5	0	0.378	0.02
2023-03-04 00:05:29.557979	41.0	4.3	12	0.5	0	0.378	0.02
2023-03-04 00:05:30.583860	42.1	4.4	10	0.6	0	0.379	0.02
2023-03-04 00:05:31.610635	43.1	4.5	11	0.7	0	0.381	0.02
2023-03-04 00:05:32.615823	44.1	4.6	12	0.8	0	0.381	0.02
2023-03-04 00:05:33.618650	45.1	4.7	10	0.6	0	0.381	0.02
2023-03-04 00:05:34.647847	46.1	4.8	11	0.5	0	0.382	0.02
2023-03-04 00:05:35.661421	47.1	4.9	10	0.6	0	0.383	0.02
2023-03-04 00:05:36.667863	48.1	5.1	11	0.6	0	0.384	0.02
2023-03-04 00:05:37.672631	49.1	5.2	11	0.6	0	0.385	0.02
2023-03-04 00:05:38.675501	50.1	5.3	12	0.7	0	0.385	0.02
2023-03-04 00:05:39.678000	51.1	5.4	10	0.7	0	0.386	0.02
2023-03-04 00:05:40.844769	52.3	5.5	11	0.8	0	0.386	0.02
2023-03-04 00:05:41.895157	53.4	5.6	11	0.4	0	0.388	0.02
2023-03-04 00:05:42.906358	54.4	5.7	11	0.5	0	0.388	0.02
2023-03-04 00:05:43.926947	55.4	5.8	11	0.5	0	0.388	0.02
2023-03-04 00:05:44.961906	56.4	5.9	11	0.5	0	0.388	0.02
2023-03-04 00:05:46.008606	57.5	6.1	11	0.5	0	0.388	0.02
2023-03-04 00:05:47.039156	58.5	6.2	10	0.5	0	0.392	0.02
2023-03-04 00:05:48.052631	59.5	6.3	10	0.4	0	0.392	0.04
2023-03-04 00:05:49.058410	60.5	6.4	11	0.2	0	0.408	0.04
2023-03-04 00:05:50.063144	61.5	6.5	12	0.2	0	0.408	0.04
2023-03-04 00:05:51.065890	62.5	6.6	11	0.2	0	0.408	0.04
2023-03-04 00:05:52.068657	63.5	6.7	10	0.2	0	0.408	0.06
2023-03-04 00:05:53.071213	64.5	6.8	11	0.2	0	0.408	0.06
2023-03-04 00:05:54.074046	65.5	6.9	11	0.2	0	0.424	0.06
2023-03-04 00:05:55.076430	66.5	7.0	10	0.2	0	0.424	0.06
2023-03-04 00:05:56.079008	67.5	7.1	12	0.2	0	0.424	0.06
2023-03-04 00:05:57.081626	68.6	7.2	10	0.2	0	0.424	0.06
2023-03-04 00:05:58.083744	69.6	7.4	10	0.2	0	0.424	0.08
2023-03-04 00:05:59.085603	70.6	7.5	12	0.2	0	0.439	0.08
2023-03-04 00:06:00.088010	71.6	7.6	11	0.2	0	0.439	0.08
2023-03-04 00:06:01.090585	72.6	7.7	10	0.2	0	0.439	0.08
2023-03-04 00:06:02.093174	73.6	7.8	11	0.3	0	0.439	0.08
2023-03-04 00:06:03.095801	74.6	7.9	10	0.2	0	0.439	0.101
2023-03-04 00:06:04.098452	75.6	8.0	11	0.2	0	0.439	0.101
2023-03-04 00:06:05.101118	76.6	8.1	11	0.2	0	0.455	0.101
2023-03-04 00:06:06.103550	77.6	8.2	11	0.2	0	0.455	0.101
2023-03-04 00:06:07.106293	78.6	8.3	11	0.3	0	0.455	0.101
2023-03-04 00:06:08.108910	79.6	8.4	11	0.2	0	0.455	0.101
2023-03-04 00:06:09.111550	80.6	8.6	11	0.2	0	0.455	0.121
2023-03-04 00:06:10.113902	81.6	8.7	10	0.2	0	0.455	0.121
2023-03-04 00:06:11.122339	82.6	8.8	12	0.2	0	0.455	0.121
2023-03-04 00:06:12.143910	83.6	8.9	10	0.2	0	0.455	0.121
2023-03-04 00:06:13.151324	84.6	9.0	11	0.3	0	0.455	0.121
2023-03-04 00:06:14.154364	85.6	9.1	10	0.2	0	0.455	0.141
2023-03-04 00:06:15.156972	86.6	9.2	10	0.2	0	0.455	0.141
2023-03-04 00:06:16.159524	87.6	9.3	12	0.2	0	0.457	0.141
2023-03-04 00:06:17.162065	88.6	9.4	11	0.3	0	0.457	0.141
2023-03-04 00:06:18.164681	89.6	9.5	10	0.3	0	0.457	0.141
2023-03-04 00:06:19.167200	90.6	9.6	12	0.2	0	0.457	0.141
2023-03-04 00:06:20.174363	91.6	9.7	10	0.2	0	0.457	0.161
2023-03-04 00:06:21.180481	92.6	9.8	11	0.2	0	0.462	0.161
2023-03-04 00:06:22.193457	93.7	10.0	11	0.2	0	0.462	0.161
2023-03-04 00:06:23.204810	94.7	10.1	11	0.2	0	0.462	0.161
2023-03-04 00:06:24.210754	95.7	10.2	11	0.3	0	0.462	0.161
2023-03-04 00:06:25.212902	96.7	10.3	10	0.2	0	0.463	0.181
2023-03-04 00:06:26.215605	97.7	10.4	11	0.2	0	0.463	0.181
2023-03-04 00:06:27.218206	98.7	10.5	12	0.2	0	0.463	0.181
2023-03-04 00:06:28.220915	99.7	10.6	10	0.2	0	0.463	0.181
2023-03-04 00:06:29.223088	100.7	10.7	10	0.3	0	0.463	0.181
2023-03-04 00:06:30.225591	101.7	10.8	11	0.2	0	0.464	0.181
2023-03-04 00:06:31.228225	102.7	10.9	10	0.2	0	0.464	0.201
2023-03-04 00:06:32.230849	103.7	11.0	9	0.2	0	0.464	0.201
2023-03-04 00:06:33.232996	104.7	11.1	10	0.2	0	0.464	0.201
2023-03-04 00:06:34.235644	105.7	11.2	9	0.2	0	0.464	0.201
2023-03-04 00:06:35.238199	106.7	11.3	10	0.3	0	0.464	0.201
2023-03-04 00:06:36.241319	107.7	11.4	11	0.2	0	0.465	0.201
2023-03-04 00:06:37.243742	108.7	11.4	3	0.4	0	0.465	0.201
2023-03-04 00:06:38.245857	109.7	11.5	9	0.2	0	0.465	0.221
2023-03-04 00:06:39.248414	110.7	11.6	10	0.2	0	0.465	0.221
2023-03-04 00:06:40.251300	111.7	11.7	10	0.2	0	0.48	0.221
2023-03-04 00:06:41.253288	112.7	11.8	9	0.2	0	0.48	0.221
2023-03-04 00:06:42.256398	113.7	11.9	11	0.3	0	0.48	0.221
2023-03-04 00:06:43.259222	114.7	12.0	9	0.2	0	0.48	0.221
2023-03-04 00:06:44.281311	115.7	12.1	9	0.2	0	0.481	0.242
2023-03-04 00:06:45.285514	116.8	12.2	10	0.2	0	0.481	0.242
2023-03-04 00:06:46.288646	117.8	12.3	9	0.2	0	0.499	0.242
2023-03-04 00:06:47.291141	118.8	12.4	10	0.2	0	0.499	0.242
2023-03-04 00:06:48.315723	119.8	12.5	10	0.3	0	0.499	0.242
2023-03-04 00:06:49.339311	120.8	12.6	10	0.2	0	0.499	0.242
2023-03-04 00:06:50.380550	121.8	12.7	10	0.2	0	0.499	0.262
2023-03-04 00:06:51.434798	122.9	12.8	10	0.2	0	0.499	0.262
2023-03-04 00:06:52.444902	123.9	12.9	10	0.2	0	0.514	0.262
2023-03-04 00:06:53.447937	124.9	13.0	9	0.2	0	0.514	0.262
2023-03-04 00:06:54.484176	126.0	13.1	10	0.3	0	0.514	0.262
2023-03-04 00:06:55.516261	127.0	13.2	9	0.3	0	0.514	0.262
2023-03-04 00:06:56.524219	128.0	13.3	9	0.2	0	0.515	0.282
2023-03-04 00:06:57.526279	129.0	13.4	11	0.2	0	0.515	0.282
2023-03-04 00:06:58.531929	130.0	13.4	8	0.2	0	0.533	0.282
2023-03-04 00:06:59.536136	131.0	13.6	10	0.2	0	0.533	0.282
2023-03-04 00:07:00.542960	132.0	13.7	11	0.2	0	0.533	0.282
2023-03-04 00:07:01.545632	133.0	13.8	9	0.3	0	0.533	0.282
2023-03-04 00:07:02.591178	134.1	13.8	10	0.4	0	0.534	0.282
2023-03-04 00:07:03.601978	135.1	13.9	9	0.2	0	0.535	0.302
2023-03-04 00:07:04.604754	136.1	14.0	9	0.2	0	0.535	0.302
2023-03-04 00:07:05.618949	137.1	14.1	10	0.2	0	0.555	0.302
2023-03-04 00:07:06.644281	138.1	14.2	10	0.2	0	0.555	0.302
2023-03-04 00:07:07.655878	139.1	14.3	9	0.2	0	0.555	0.302
2023-03-04 00:07:08.670710	140.1	14.4	10	0.3	0	0.556	0.302
2023-03-04 00:07:09.726649	141.2	14.5	10	0.2	0	0.561	0.322
2023-03-04 00:07:10.765367	142.2	14.6	9	0.2	0	0.562	0.322
2023-03-04 00:07:11.874009	143.3	14.7	9	0.2	0	0.564	0.322
2023-03-04 00:07:12.911971	144.4	14.8	10	0.2	0	0.584	0.322
2023-03-04 00:07:13.975959	145.4	14.9	9	0.3	0	0.585	0.322
2023-03-04 00:07:15.056131	146.5	15.0	9	0.3	0	0.585	0.322
2023-03-04 00:07:16.081383	147.5	15.1	9	0.2	0	0.587	0.322
2023-03-04 00:07:17.166772	148.6	15.2	9	0.2	0	0.592	0.342
2023-03-04 00:07:18.175157	149.6	15.3	10	0.2	0	0.592	0.342
2023-03-04 00:07:19.177698	150.6	15.4	9	0.2	0	0.608	0.342
2023-03-04 00:07:20.214627	151.7	15.5	10	0.2	0	0.608	0.342
2023-03-04 00:07:21.250127	152.7	15.6	10	0.2	0	0.608	0.342
2023-03-04 00:07:22.275883	153.7	15.7	10	0.3	0	0.608	0.342
2023-03-04 00:07:23.288726	154.8	15.8	8	0.6	0	0.611	0.342
2023-03-04 00:07:24.307774	155.8	15.9	10	0.2	0	0.613	0.362
2023-03-04 00:07:25.316010	156.8	16.0	10	0.2	0	0.615	0.362
2023-03-04 00:07:26.319003	157.8	16.1	9	0.2	0	0.655	0.362
2023-03-04 00:07:27.321853	158.8	16.2	10	0.2	0	0.655	0.362
2023-03-04 00:07:28.324301	159.8	16.2	9	0.2	0	0.655	0.362
2023-03-04 00:07:29.327053	160.8	16.4	10	0.3	0	0.655	0.362
2023-03-04 00:07:30.333970	161.8	16.4	9	0.2	0	0.656	0.379
2023-03-04 00:07:31.337920	162.8	16.5	10	0.2	0	0.656	0.382
2023-03-04 00:07:32.360155	163.8	16.6	9	0.2	0	0.673	0.382
2023-03-04 00:07:33.370989	164.8	16.7	10	0.2	0	0.673	0.382
2023-03-04 00:07:34.373721	165.8	16.8	10	0.2	0	0.673	0.382
2023-03-04 00:07:35.388785	166.9	16.9	9	0.3	0	0.673	0.382
2023-03-04 00:07:36.420429	167.9	17.0	10	0.4	0	0.673	0.382
2023-03-04 00:07:37.427810	168.9	17.1	9	0.2	0	0.674	0.403
2023-03-04 00:07:38.430565	169.9	17.2	10	0.2	0	0.674	0.403
2023-03-04 00:07:39.433267	170.9	17.3	9	0.2	0	0.692	0.403
2023-03-04 00:07:40.466137	171.9	17.4	10	0.2	0	0.692	0.403
2023-03-04 00:07:41.474528	172.9	17.5	10	0.3	0	0.692	0.403
2023-03-04 00:07:42.541431	174.0	17.6	8	0.3	0	0.693	0.403
2023-03-04 00:07:43.550979	175.0	17.7	10	0.2	0	0.694	0.423
2023-03-04 00:07:44.553150	176.0	17.8	10	0.2	0	0.694	0.423
2023-03-04 00:07:45.581129	177.1	17.9	9	0.2	0	0.71	0.423
2023-03-04 00:07:46.600831	178.1	18.0	10	0.2	0	0.71	0.423
2023-03-04 00:07:47.609044	179.1	18.1	10	0.2	0	0.71	0.423
2023-03-04 00:07:48.611736	180.1	18.2	10	0.3	0	0.71	0.423
2023-03-04 00:07:49.646668	181.1	18.3	8	0.2	0	0.712	0.423
2023-03-04 00:07:50.681972	182.2	18.4	11	0.2	0	0.712	0.443
2023-03-04 00:07:51.691349	183.2	18.5	9	0.2	0	0.727	0.443
2023-03-04 00:07:52.713200	184.2	18.6	10	0.2	0	0.727	0.443
2023-03-04 00:07:53.721363	185.2	18.6	9	0.2	0	0.727	0.443
2023-03-04 00:07:54.723648	186.2	18.8	10	0.3	0	0.727	0.443
2023-03-04 00:07:55.750551	187.2	18.9	10	0.2	0	0.728	0.443
2023-03-04 00:07:56.764052	188.2	18.9	10	0.2	0	0.728	0.463
2023-03-04 00:07:57.767912	189.2	19.0	9	0.2	0	0.728	0.463
2023-03-04 00:07:58.769997	190.2	19.1	9	0.2	0	0.744	0.463
2023-03-04 00:07:59.771707	191.2	19.2	11	0.2	0	0.744	0.463
2023-03-04 00:08:00.773805	192.2	19.3	8	0.3	0	0.744	0.463
2023-03-04 00:08:01.776229	193.2	19.4	10	0.2	0	0.744	0.463
2023-03-04 00:08:02.779058	194.2	19.5	10	0.2	0	0.744	0.483
2023-03-04 00:08:03.781254	195.3	19.6	9	0.2	0	0.744	0.483
2023-03-04 00:08:04.783385	196.3	19.7	9	0.2	0	0.76	0.483
2023-03-04 00:08:05.786276	197.3	19.8	10	0.2	0	0.76	0.483
2023-03-04 00:08:06.789980	198.3	19.9	9	0.2	0	0.76	0.483
2023-03-04 00:08:07.791809	199.3	20.0	10	0.3	0	0.76	0.483
2023-03-04 00:08:08.794077	200.3	20.1	9	0.2	0	0.76	0.503
2023-03-04 00:08:09.796773	201.3	20.2	11	0.2	0	0.76	0.503
2023-03-04 00:08:10.799525	202.3	20.3	9	0.2	0	0.777	0.503
2023-03-04 00:08:11.802030	203.3	20.4	9	0.2	0	0.777	0.503
2023-03-04 00:08:12.804444	204.3	20.5	10	0.2	0	0.777	0.503
2023-03-04 00:08:13.808869	205.3	20.6	10	0.3	0	0.777	0.503
2023-03-04 00:08:14.811894	206.3	20.6	8	0.4	0	0.777	0.503
2023-03-04 00:08:15.814167	207.3	20.8	10	0.2	0	0.777	0.523
2023-03-04 00:08:16.817431	208.3	20.9	11	0.4	0	0.777	0.523
2023-03-04 00:08:17.820597	209.3	20.9	9	0.2	0	0.793	0.523
2023-03-04 00:08:18.827287	210.3	21.0	9	0.3	0	0.793	0.523
2023-03-04 00:08:19.830739	211.3	21.1	11	0.3	0	0.793	0.523
2023-03-04 00:08:20.833282	212.3	21.2	9	0.2	0	0.793	0.523
2023-03-04 00:08:21.835780	213.3	21.3	9	0.2	0	0.794	0.544
2023-03-04 00:08:22.838305	214.3	21.4	10	0.2	0	0.794	0.544
2023-03-04 00:08:23.840935	215.3	21.5	9	0.2	0	0.811	0.544
2023-03-04 00:08:24.843093	216.3	21.6	10	0.2	0	0.811	0.544
2023-03-04 00:08:25.851775	217.3	21.7	9	0.2	0	0.811	0.544
2023-03-04 00:08:26.857779	218.3	21.8	10	0.3	0	0.811	0.544
2023-03-04 00:08:27.877842	219.3	21.9	9	0.2	0	0.812	0.564
2023-03-04 00:08:28.884898	220.4	22.0	9	0.2	0	0.812	0.564
2023-03-04 00:08:29.888272	221.4	22.1	8	0.4	0	0.812	0.564
2023-03-04 00:08:30.891044	222.4	22.1	3	0.2	0	0.869	0.564
