Date and time (UTC)	Real time (s)	CPU time (s)	CPU (%)	Memory (GB)	Memory (%)	Disk read (GB)	Disk write (GB)
2023-03-02 08:46:02.131773	1.0	0.3	0	0.1	0	0.16	0.0
2023-03-02 08:46:03.134154	2.0	0.7	44	0.7	0	0.162	0.0
2023-03-02 08:46:04.136474	3.0	1.2	50	1.6	1	0.162	0.0
2023-03-02 08:46:05.138227	4.0	1.7	48	1.6	1	0.162	0.0
2023-03-02 08:46:06.140494	5.0	2.2	50	1.7	1	0.162	0.0
2023-03-02 08:46:07.142801	6.0	2.6	42	1.7	1	0.162	0.0
2023-03-02 08:46:08.145129	7.0	3.1	50	1.8	1	0.162	0.0
2023-03-02 08:46:09.148552	8.0	3.6	49	1.9	1	0.162	0.0
2023-03-02 08:46:10.150914	9.0	4.1	55	1.9	1	0.162	0.0
2023-03-02 08:46:11.153231	10.0	4.6	49	2.0	1	0.162	0.0
2023-03-02 08:46:12.155623	11.0	5.1	49	2.0	1	0.162	0.0
2023-03-02 08:46:13.157975	12.0	5.6	49	2.1	1	0.162	0.0
2023-03-02 08:46:14.160270	13.0	6.1	49	2.2	1	0.162	0.0
2023-03-02 08:46:15.162635	14.0	6.6	50	2.2	1	0.162	0.0
2023-03-02 08:46:16.164980	15.0	7.1	49	2.3	1	0.162	0.0
2023-03-02 08:46:17.167275	16.0	7.6	50	2.3	1	0.162	0.0
2023-03-02 08:46:18.169439	17.0	8.1	49	2.4	1	0.162	0.0
2023-03-02 08:46:19.171777	18.0	8.6	50	2.5	1	0.162	0.0
2023-03-02 08:46:20.174125	19.0	9.1	50	2.5	1	0.162	0.0
2023-03-02 08:46:21.176362	20.0	9.6	48	2.6	1	0.162	0.0
2023-03-02 08:46:22.177905	21.1	10.1	49	2.7	1	0.162	0.0
2023-03-02 08:46:23.179915	22.1	10.5	50	2.7	1	0.162	0.0
2023-03-02 08:46:24.182093	23.1	11.0	48	2.8	1	0.162	0.0
2023-03-02 08:46:25.184288	24.1	11.5	51	2.9	2	0.162	0.0
2023-03-02 08:46:26.186459	25.1	12.1	56	2.9	2	0.162	0.0
2023-03-02 08:46:27.187965	26.1	12.6	51	3.4	2	0.162	0.0
2023-03-02 08:46:28.190057	27.1	13.1	49	4.1	2	0.162	0.0
2023-03-02 08:46:29.192286	28.1	13.6	48	4.6	2	0.162	0.0
2023-03-02 08:46:30.194543	29.1	14.1	50	4.9	3	0.162	0.0
2023-03-02 08:46:31.196714	30.1	14.6	49	5.3	3	0.162	0.0
2023-03-02 08:46:32.198186	31.1	15.1	50	5.7	3	0.162	0.0
2023-03-02 08:46:33.201334	32.1	15.5	47	4.2	2	0.162	0.0
2023-03-02 08:46:34.203498	33.1	16.0	49	3.1	2	0.162	0.0
2023-03-02 08:46:35.205709	34.1	16.5	50	3.3	2	0.162	0.0
2023-03-02 08:46:36.209336	35.1	17.0	48	3.5	2	0.162	0.0
2023-03-02 08:46:37.211602	36.1	17.5	49	3.7	2	0.162	0.0
2023-03-02 08:46:38.213664	37.1	18.0	49	3.9	2	0.162	0.0
2023-03-02 08:46:39.215731	38.1	18.5	49	4.1	2	0.162	0.0
2023-03-02 08:46:40.218054	39.1	19.0	50	4.3	2	0.162	0.0
2023-03-02 08:46:41.220328	40.1	19.5	54	4.5	2	0.162	0.0
2023-03-02 08:46:42.222765	41.1	20.0	49	4.7	3	0.162	0.0
2023-03-02 08:46:43.225047	42.1	20.5	49	4.9	3	0.162	0.0
2023-03-02 08:46:44.228162	43.1	21.0	46	5.1	3	0.162	0.0
2023-03-02 08:46:45.230367	44.1	21.4	49	5.2	3	0.162	0.0
2023-03-02 08:46:46.232540	45.1	21.9	49	5.4	3	0.162	0.0
2023-03-02 08:46:47.234750	46.1	22.4	49	5.6	3	0.162	0.0
2023-03-02 08:46:48.236977	47.1	22.9	48	1.7	1	0.162	0.0
2023-03-02 08:46:49.239253	48.1	23.4	49	2.4	1	0.162	0.0
2023-03-02 08:46:50.241531	49.1	23.9	49	3.1	2	0.162	0.0
2023-03-02 08:46:51.243743	50.1	24.4	50	3.1	2	0.162	0.0
2023-03-02 08:46:52.246081	51.1	24.9	49	3.1	2	0.162	0.0
2023-03-02 08:46:53.248164	52.1	25.4	50	3.1	2	0.162	0.0
2023-03-02 08:46:54.250370	53.1	25.9	48	3.1	2	0.162	0.0
2023-03-02 08:46:55.252584	54.1	26.4	49	3.1	2	0.162	0.0
2023-03-02 08:46:56.254821	55.1	26.9	50	3.1	2	0.162	0.0
2023-03-02 08:46:57.257112	56.1	27.4	50	3.1	2	0.162	0.0
2023-03-02 08:46:58.259470	57.1	27.8	49	2.3	1	0.162	0.0
2023-03-02 08:46:59.261817	58.1	28.3	47	0.4	0	0.162	0.103
2023-03-02 08:47:00.263882	59.1	28.7	43	0.5	0	0.162	0.185
2023-03-02 08:47:01.266100	60.1	29.2	49	0.6	0	0.162	0.185
2023-03-02 08:47:02.268112	61.1	29.7	48	0.8	0	0.162	0.185
2023-03-02 08:47:03.270375	62.1	30.2	49	0.7	0	0.162	0.185
2023-03-02 08:47:04.272645	63.1	30.7	48	0.8	0	0.162	0.185
2023-03-02 08:47:05.274945	64.1	31.2	49	0.7	0	0.162	0.185
2023-03-02 08:47:06.277359	65.1	31.7	48	0.7	0	0.162	0.185
2023-03-02 08:47:07.279674	66.2	32.1	41	0.5	0	0.162	0.369
2023-03-02 08:47:08.281920	67.2	32.6	51	0.5	0	0.162	0.369
2023-03-02 08:47:09.284174	68.2	33.0	48	0.6	0	0.162	0.369
2023-03-02 08:47:10.286195	69.2	33.5	50	0.6	0	0.162	0.369
2023-03-02 08:47:11.288289	70.2	34.0	48	0.6	0	0.162	0.369
2023-03-02 08:47:12.290528	71.2	34.5	49	0.8	0	0.162	0.369
2023-03-02 08:47:13.292770	72.2	35.0	48	0.7	0	0.162	0.369
2023-03-02 08:47:14.295033	73.2	35.5	49	0.5	0	0.162	0.369
2023-03-02 08:47:15.297364	74.2	36.0	47	0.4	0	0.162	0.554
2023-03-02 08:47:16.299672	75.2	36.5	49	0.8	0	0.162	0.554
2023-03-02 08:47:17.301904	76.2	37.0	50	0.5	0	0.162	0.554
2023-03-02 08:47:18.304161	77.2	37.5	50	0.6	0	0.162	0.554
2023-03-02 08:47:19.306413	78.2	37.9	48	0.8	0	0.162	0.554
2023-03-02 08:47:20.308055	79.2	38.4	50	0.8	0	0.162	0.554
2023-03-02 08:47:21.310201	80.2	38.9	48	0.7	0	0.162	0.554
2023-03-02 08:47:22.312416	81.2	39.4	49	0.7	0	0.162	0.554
2023-03-02 08:47:23.314707	82.2	39.9	47	0.4	0	0.162	0.7
2023-03-02 08:47:24.316975	83.2	40.4	48	0.6	0	0.162	0.738
2023-03-02 08:47:25.319193	84.2	40.8	48	0.5	0	0.162	0.738
2023-03-02 08:47:26.321501	85.2	41.3	49	0.6	0	0.162	0.738
2023-03-02 08:47:27.323579	86.2	41.8	49	0.7	0	0.162	0.738
2023-03-02 08:47:28.325874	87.2	42.3	49	0.7	0	0.162	0.738
2023-03-02 08:47:29.327839	88.2	42.8	50	0.9	0	0.162	0.738
2023-03-02 08:47:30.332087	89.2	43.3	47	0.7	0	0.162	0.738
2023-03-02 08:47:31.334510	90.2	43.8	49	0.4	0	0.162	0.738
2023-03-02 08:47:32.336673	91.2	44.3	51	0.5	0	0.162	0.923
2023-03-02 08:47:33.338215	92.2	44.8	50	0.5	0	0.162	0.923
2023-03-02 08:47:34.340478	93.2	45.2	46	0.6	0	0.162	0.923
2023-03-02 08:47:35.342760	94.2	45.7	49	0.6	0	0.162	0.923
2023-03-02 08:47:36.345134	95.2	46.2	50	0.7	0	0.162	0.923
2023-03-02 08:47:37.348003	96.2	46.7	48	0.9	0	0.162	0.923
2023-03-02 08:47:38.350265	97.2	47.2	49	0.7	0	0.162	0.923
2023-03-02 08:47:39.352570	98.2	47.7	49	0.5	0	0.162	0.923
2023-03-02 08:47:40.355720	99.2	48.1	47	0.4	0	0.162	1.107
2023-03-02 08:47:41.357142	100.2	48.6	50	0.9	0	0.162	1.107
2023-03-02 08:47:42.358471	101.2	49.1	48	0.6	0	0.162	1.107
2023-03-02 08:47:43.359688	102.2	49.6	49	0.6	0	0.162	1.107
2023-03-02 08:47:44.360875	103.2	50.1	48	0.9	0	0.162	1.107
2023-03-02 08:47:45.362971	104.2	50.6	49	0.8	0	0.162	1.107
2023-03-02 08:47:46.365043	105.2	51.1	48	0.7	0	0.162	1.107
2023-03-02 08:47:47.367344	106.2	51.6	53	0.7	0	0.162	1.107
2023-03-02 08:47:48.370257	107.2	52.0	45	0.4	0	0.162	1.274
2023-03-02 08:47:49.372088	108.2	52.1	1	0.4	0	0.162	1.29
2023-03-02 08:47:50.373467	109.2	52.5	48	0.6	0	0.162	1.292
2023-03-02 08:47:51.375064	110.2	53.0	50	0.5	0	0.162	1.292
2023-03-02 08:47:52.376413	111.2	53.5	48	0.6	0	0.162	1.292
2023-03-02 08:47:53.378131	112.3	54.0	50	0.7	0	0.162	1.292
2023-03-02 08:47:54.380386	113.3	54.5	50	0.7	0	0.162	1.292
2023-03-02 08:47:55.382644	114.3	55.0	48	0.9	0	0.162	1.292
2023-03-02 08:47:56.388030	115.3	55.5	49	0.7	0	0.162	1.292
2023-03-02 08:47:57.389803	116.3	56.0	49	0.4	0	0.162	1.292
2023-03-02 08:47:58.391184	117.3	56.5	47	0.5	0	0.162	1.476
2023-03-02 08:47:59.392760	118.3	56.9	48	0.5	0	0.162	1.476
2023-03-02 08:48:00.394048	119.3	57.4	49	0.6	0	0.162	1.476
2023-03-02 08:48:01.395622	120.3	57.9	50	0.6	0	0.162	1.476
2023-03-02 08:48:02.398041	121.3	58.4	49	0.7	0	0.162	1.476
2023-03-02 08:48:03.400412	122.3	58.9	53	0.9	0	0.162	1.476
2023-03-02 08:48:04.402751	123.3	59.5	52	0.7	0	0.162	1.476
2023-03-02 08:48:05.405067	124.3	60.0	50	0.4	0	0.162	1.476
2023-03-02 08:48:06.407241	125.3	60.4	47	0.4	0	0.162	1.661
2023-03-02 08:48:07.409653	126.3	60.9	47	0.4	0	0.162	1.661
2023-03-02 08:48:08.411927	127.3	61.4	49	0.6	0	0.162	1.661
2023-03-02 08:48:09.414222	128.3	61.9	49	0.6	0	0.162	1.661
2023-03-02 08:48:10.416470	129.3	62.4	50	0.9	0	0.162	1.661
2023-03-02 08:48:11.418063	130.3	62.9	50	0.8	0	0.162	1.661
2023-03-02 08:48:12.420312	131.3	63.4	49	0.7	0	0.162	1.661
2023-03-02 08:48:13.422617	132.3	63.8	48	0.7	0	0.162	1.661
2023-03-02 08:48:14.424898	133.3	64.3	47	0.4	0	0.162	1.831
2023-03-02 08:48:15.427292	134.3	64.8	48	0.6	0	0.162	1.845
2023-03-02 08:48:16.429352	135.3	65.3	48	0.5	0	0.162	1.845
2023-03-02 08:48:17.431549	136.3	65.8	49	0.6	0	0.162	1.845
2023-03-02 08:48:18.433915	137.3	66.2	48	0.7	0	0.162	1.845
2023-03-02 08:48:19.437106	138.3	66.8	50	0.7	0	0.162	1.845
2023-03-02 08:48:20.439427	139.3	67.3	55	0.6	0	0.162	1.845
2023-03-02 08:48:21.441635	140.3	67.8	49	0.7	0	0.162	1.845
2023-03-02 08:48:22.443816	141.3	68.3	47	0.4	0	0.162	1.881
2023-03-02 08:48:23.446073	142.3	68.5	23	0.4	0	0.162	2.03
2023-03-02 08:48:24.448175	143.3	69.0	50	0.8	0	0.162	2.03
2023-03-02 08:48:25.450426	144.3	69.5	48	0.6	0	0.162	2.03
2023-03-02 08:48:26.452569	145.3	70.0	50	0.6	0	0.162	2.03
2023-03-02 08:48:27.454815	146.3	70.5	49	0.9	0	0.162	2.03
2023-03-02 08:48:28.456963	147.3	70.9	48	0.8	0	0.162	2.03
2023-03-02 08:48:29.459249	148.3	71.4	50	0.7	0	0.162	2.03
2023-03-02 08:48:30.461365	149.3	71.9	48	0.7	0	0.162	2.03
2023-03-02 08:48:31.463621	150.3	72.4	47	0.4	0	0.162	2.147
2023-03-02 08:48:32.465617	151.3	72.8	40	0.5	0	0.162	2.214
2023-03-02 08:48:33.467964	152.3	73.3	47	0.5	0	0.162	2.214
2023-03-02 08:48:34.470156	153.3	73.8	54	0.6	0	0.162	2.214
2023-03-02 08:48:35.472223	154.3	74.3	50	0.7	0	0.162	2.214
2023-03-02 08:48:36.474432	155.3	74.8	49	0.7	0	0.162	2.214
2023-03-02 08:48:37.476483	156.3	75.3	49	0.9	0	0.162	2.214
2023-03-02 08:48:38.478041	157.4	75.8	48	0.7	0	0.162	2.214
2023-03-02 08:48:39.480202	158.4	76.3	50	0.4	0	0.162	2.214
2023-03-02 08:48:40.482267	159.4	76.7	45	0.5	0	0.162	2.399
2023-03-02 08:48:41.484380	160.4	77.2	51	0.5	0	0.162	2.399
2023-03-02 08:48:42.486508	161.4	77.7	49	0.6	0	0.162	2.399
2023-03-02 08:48:43.487992	162.4	78.2	50	0.6	0	0.162	2.399
2023-03-02 08:48:44.490175	163.4	78.7	49	0.7	0	0.162	2.399
2023-03-02 08:48:45.492123	164.4	79.2	48	0.9	0	0.162	2.399
2023-03-02 08:48:46.494305	165.4	79.7	48	0.7	0	0.162	2.399
2023-03-02 08:48:47.496652	166.4	80.2	49	0.4	0	0.162	2.399
2023-03-02 08:48:48.498224	167.4	80.6	47	0.5	0	0.162	2.583
2023-03-02 08:48:49.500542	168.4	81.1	52	0.5	0	0.162	2.583
2023-03-02 08:48:50.502659	169.4	81.7	51	0.6	0	0.162	2.583
2023-03-02 08:48:51.504746	170.4	82.1	48	0.6	0	0.162	2.583
2023-03-02 08:48:52.506901	171.4	82.6	49	0.7	0	0.162	2.583
2023-03-02 08:48:53.508983	172.4	83.1	50	0.9	0	0.162	2.583
2023-03-02 08:48:54.511252	173.4	83.6	50	0.7	0	0.162	2.583
2023-03-02 08:48:55.513481	174.4	84.1	49	0.5	0	0.162	2.583
2023-03-02 08:48:56.515736	175.4	84.5	44	0.4	0	0.162	2.768
2023-03-02 08:48:57.518356	176.4	85.1	50	0.9	0	0.162	2.768
2023-03-02 08:48:58.520548	177.4	85.5	50	0.6	0	0.162	2.768
2023-03-02 08:48:59.522730	178.4	86.0	48	0.6	0	0.162	2.768
2023-03-02 08:49:00.524903	179.4	86.5	49	0.8	0	0.162	2.768
2023-03-02 08:49:01.526936	180.4	87.0	50	0.8	0	0.162	2.768
2023-03-02 08:49:02.528901	181.4	87.5	50	0.7	0	0.162	2.768
2023-03-02 08:49:03.531220	182.4	88.0	50	0.7	0	0.162	2.768
2023-03-02 08:49:04.533462	183.4	88.5	45	0.4	0	0.162	2.896
2023-03-02 08:49:05.535647	184.4	89.0	57	0.7	0	0.162	2.952
2023-03-02 08:49:06.538087	185.4	89.5	49	0.5	0	0.162	2.952
2023-03-02 08:49:07.540263	186.4	90.0	50	0.6	0	0.162	2.952
2023-03-02 08:49:08.542394	187.4	90.5	48	0.8	0	0.162	2.952
2023-03-02 08:49:09.544551	188.4	91.0	49	0.8	0	0.162	2.952
2023-03-02 08:49:10.546741	189.4	91.5	48	0.6	0	0.162	2.952
2023-03-02 08:49:11.548109	190.4	92.0	49	0.7	0	0.162	2.952
2023-03-02 08:49:12.550622	191.4	92.4	46	1.1	1	0.162	2.952
2023-03-02 08:49:13.552635	192.4	92.8	40	0.5	0	0.162	3.137
2023-03-02 08:49:14.554832	193.4	93.3	49	0.5	0	0.162	3.137
2023-03-02 08:49:15.557142	194.4	93.8	51	0.6	0	0.162	3.137
2023-03-02 08:49:16.559079	195.4	94.3	49	0.6	0	0.162	3.137
2023-03-02 08:49:17.561180	196.4	94.8	48	0.7	0	0.162	3.137
2023-03-02 08:49:18.563242	197.4	95.3	49	0.9	0	0.162	3.137
2023-03-02 08:49:19.565557	198.4	95.8	50	0.7	0	0.162	3.137
2023-03-02 08:49:20.567779	199.4	96.3	55	0.4	0	0.162	3.137
2023-03-02 08:49:21.569791	200.4	96.8	45	0.4	0	0.162	3.321
2023-03-02 08:49:22.572061	201.4	97.3	48	0.8	0	0.162	3.321
2023-03-02 08:49:23.574089	202.4	97.8	48	0.6	0	0.162	3.321
2023-03-02 08:49:24.576121	203.4	98.2	49	0.6	0	0.162	3.321
2023-03-02 08:49:25.577949	204.5	98.7	49	0.9	0	0.162	3.321
2023-03-02 08:49:26.579955	205.5	99.2	49	0.8	0	0.162	3.321
2023-03-02 08:49:27.582105	206.5	99.7	50	0.7	0	0.162	3.321
2023-03-02 08:49:28.584160	207.5	100.2	49	0.7	0	0.162	3.321
2023-03-02 08:49:29.586502	208.5	100.7	45	0.4	0	0.162	3.471
2023-03-02 08:49:30.588129	209.5	101.1	48	0.6	0	0.162	3.506
2023-03-02 08:49:31.590194	210.5	101.6	46	0.5	0	0.166	3.506
2023-03-02 08:49:32.592298	211.5	102.1	50	0.6	0	0.166	3.506
2023-03-02 08:49:33.594328	212.5	102.6	49	0.6	0	0.166	3.506
2023-03-02 08:49:34.596346	213.5	103.1	48	0.7	0	0.166	3.506
2023-03-02 08:49:35.597854	214.5	103.6	50	0.9	0	0.166	3.506
2023-03-02 08:49:36.599243	215.5	104.1	49	0.7	0	0.166	3.506
2023-03-02 08:49:37.601238	216.5	104.5	49	0.4	0	0.166	3.506
2023-03-02 08:49:38.603211	217.5	105.0	47	0.4	0	0.166	3.69
2023-03-02 08:49:39.605171	218.5	105.5	48	0.4	0	0.166	3.69
2023-03-02 08:49:40.607826	219.5	106.0	49	0.6	0	0.166	3.69
2023-03-02 08:49:41.611166	220.5	106.5	50	0.6	0	0.166	3.69
2023-03-02 08:49:42.613424	221.5	107.0	49	0.9	0	0.166	3.69
2023-03-02 08:49:43.615707	222.5	107.5	49	0.8	0	0.166	3.69
2023-03-02 08:49:44.618086	223.5	108.0	49	0.7	0	0.166	3.69
2023-03-02 08:49:45.620426	224.5	108.4	49	0.7	0	0.166	3.69
2023-03-02 08:49:46.622756	225.5	108.9	45	0.4	0	0.166	3.862
2023-03-02 08:49:47.625035	226.5	109.4	53	0.7	0	0.166	3.875
2023-03-02 08:49:48.627286	227.5	110.0	53	0.5	0	0.167	3.875
2023-03-02 08:49:49.629600	228.5	110.4	48	0.6	0	0.167	3.875
2023-03-02 08:49:50.631872	229.5	110.9	50	0.8	0	0.167	3.875
2023-03-02 08:49:51.634068	230.5	111.4	49	0.8	0	0.167	3.875
2023-03-02 08:49:52.636320	231.5	111.9	49	0.6	0	0.167	3.875
2023-03-02 08:49:53.638125	232.5	112.4	50	0.7	0	0.167	3.875
2023-03-02 08:49:54.640436	233.5	112.9	46	0.4	0	0.167	3.928
2023-03-02 08:49:55.642682	234.5	113.4	48	0.5	0	0.167	4.06
2023-03-02 08:49:56.645063	235.5	113.8	47	0.5	0	0.168	4.06
2023-03-02 08:49:57.647347	236.5	114.3	50	0.6	0	0.168	4.06
2023-03-02 08:49:58.649633	237.5	114.8	49	0.6	0	0.168	4.06
2023-03-02 08:49:59.651991	238.5	115.3	50	0.7	0	0.168	4.06
2023-03-02 08:50:00.654310	239.5	115.8	48	0.9	0	0.168	4.06
2023-03-02 08:50:01.656565	240.5	116.3	50	0.7	0	0.168	4.06
2023-03-02 08:50:02.658123	241.5	116.8	49	0.4	0	0.168	4.06
2023-03-02 08:50:03.660497	242.5	117.2	46	0.4	0	0.168	4.244
2023-03-02 08:50:04.662825	243.5	117.8	55	0.5	0	0.168	4.244
2023-03-02 08:50:05.665142	244.5	118.3	49	0.6	0	0.168	4.244
2023-03-02 08:50:06.667381	245.5	118.8	48	0.6	0	0.168	4.244
2023-03-02 08:50:07.669543	246.5	119.3	50	0.6	0	0.168	4.244
2023-03-02 08:50:08.671921	247.5	119.8	49	0.8	0	0.168	4.244
2023-03-02 08:50:09.674280	248.5	120.2	49	0.7	0	0.168	4.244
2023-03-02 08:50:10.676599	249.5	120.7	49	0.5	0	0.168	4.244
2023-03-02 08:50:11.678204	250.6	121.2	46	0.4	0	0.168	4.429
2023-03-02 08:50:12.680400	251.6	121.7	49	0.8	0	0.168	4.429
2023-03-02 08:50:13.682726	252.6	122.2	49	0.5	0	0.168	4.429
2023-03-02 08:50:14.685065	253.6	122.7	50	0.6	0	0.168	4.429
2023-03-02 08:50:15.687495	254.6	123.2	47	0.8	0	0.168	4.429
2023-03-02 08:50:16.689775	255.6	123.7	50	0.8	0	0.168	4.429
2023-03-02 08:50:17.692063	256.6	124.1	49	0.6	0	0.168	4.429
2023-03-02 08:50:18.694423	257.6	124.6	49	0.7	0	0.168	4.429
2023-03-02 08:50:19.698082	258.6	125.2	54	0.4	0	0.168	4.579
2023-03-02 08:50:20.700436	259.6	125.8	66	0.8	0	0.168	4.613
2023-03-02 08:50:21.702716	260.6	126.4	55	0.6	0	0.168	4.613
2023-03-02 08:50:22.704993	261.6	126.9	51	0.6	0	0.168	4.613
2023-03-02 08:50:23.707296	262.6	127.4	51	0.9	0	0.168	4.613
2023-03-02 08:50:24.709599	263.6	127.9	53	0.8	0	0.168	4.613
2023-03-02 08:50:25.711857	264.6	128.4	51	0.7	0	0.168	4.613
2023-03-02 08:50:26.714158	265.6	129.0	56	0.5	0	0.168	4.613
2023-03-02 08:50:27.716469	266.6	129.5	49	0.4	0	0.168	4.798
2023-03-02 08:50:28.718217	267.6	130.0	49	0.8	0	0.168	4.798
