Date and time (UTC)	Real time (s)	CPU time (s)	CPU (%)	Memory (GB)	Memory (%)	Disk read (GB)	Disk write (GB)
2023-03-04 00:05:16.916049	1.0	0.1	0	0.0	0	0.134	0.0
2023-03-04 00:05:17.929768	2.0	0.2	11	0.0	0	0.152	0.0
2023-03-04 00:05:18.958114	3.1	0.3	12	0.1	0	0.156	0.0
2023-03-04 00:05:19.979840	4.1	0.4	10	0.1	0	0.157	0.0
2023-03-04 00:05:21.002692	5.1	0.5	10	0.2	0	0.183	0.0
2023-03-04 00:05:22.030971	6.1	0.6	10	0.2	0	0.183	0.0
2023-03-04 00:05:23.038168	7.2	0.7	11	0.2	0	0.184	0.0
2023-03-04 00:05:24.042075	8.2	0.8	11	0.2	0	0.187	0.0
2023-03-04 00:05:25.081278	9.2	0.9	10	0.2	0	0.256	0.02
2023-03-04 00:05:26.135743	10.3	1.1	10	0.3	0	0.274	0.02
2023-03-04 00:05:27.145355	11.3	1.2	10	0.3	0	0.279	0.02
2023-03-04 00:05:28.157944	12.3	1.3	12	0.4	0	0.279	0.02
2023-03-04 00:05:29.163532	13.3	1.4	11	0.4	0	0.279	0.02
2023-03-04 00:05:30.236482	14.4	1.5	10	0.4	0	0.279	0.02
2023-03-04 00:05:31.257917	15.4	1.6	11	0.4	0	0.279	0.02
2023-03-04 00:05:32.260760	16.4	1.7	11	0.4	0	0.28	0.02
2023-03-04 00:05:33.270456	17.4	1.8	11	0.4	0	0.28	0.02
2023-03-04 00:05:34.368766	18.5	1.9	11	0.4	0	0.28	0.02
2023-03-04 00:05:35.400318	19.5	2.1	11	0.5	0	0.283	0.02
2023-03-04 00:05:36.434352	20.6	2.2	11	0.5	0	0.285	0.02
2023-03-04 00:05:37.466243	21.6	2.3	11	0.5	0	0.286	0.02
2023-03-04 00:05:38.620942	22.7	2.4	10	0.5	0	0.289	0.02
2023-03-04 00:05:39.653940	23.8	2.5	12	0.6	0	0.291	0.02
2023-03-04 00:05:40.844780	25.0	2.6	11	0.7	0	0.296	0.02
2023-03-04 00:05:41.895183	26.0	2.8	11	0.8	0	0.297	0.02
2023-03-04 00:05:42.903346	27.0	2.9	10	0.5	0	0.297	0.02
2023-03-04 00:05:43.926927	28.0	3.0	12	0.5	0	0.297	0.02
2023-03-04 00:05:44.961871	29.1	3.1	11	0.6	0	0.297	0.02
2023-03-04 00:05:46.008628	30.1	3.2	11	0.6	0	0.297	0.02
2023-03-04 00:05:47.039127	31.2	3.3	12	0.7	0	0.298	0.02
2023-03-04 00:05:48.050626	32.2	3.4	10	0.7	0	0.298	0.02
2023-03-04 00:05:49.056378	33.2	3.5	11	0.7	0	0.298	0.02
2023-03-04 00:05:50.061270	34.2	3.7	12	0.8	0	0.298	0.02
2023-03-04 00:05:51.063877	35.2	3.8	11	0.4	0	0.298	0.02
2023-03-04 00:05:52.066491	36.2	3.9	10	0.5	0	0.298	0.02
2023-03-04 00:05:53.069112	37.2	4.0	11	0.5	0	0.298	0.02
2023-03-04 00:05:54.071731	38.2	4.1	11	0.5	0	0.298	0.02
2023-03-04 00:05:55.074392	39.2	4.2	11	0.5	0	0.298	0.02
2023-03-04 00:05:56.077016	40.2	4.3	11	0.2	0	0.298	0.02
2023-03-04 00:05:57.079619	41.2	4.4	11	0.2	0	0.313	0.04
2023-03-04 00:05:58.081741	42.2	4.5	11	0.2	0	0.313	0.04
2023-03-04 00:05:59.083352	43.2	4.6	11	0.2	0	0.313	0.04
2023-03-04 00:06:00.085975	44.2	4.7	10	0.2	0	0.313	0.04
2023-03-04 00:06:01.088561	45.2	4.8	11	0.2	0	0.313	0.06
2023-03-04 00:06:02.091148	46.2	4.9	10	0.2	0	0.329	0.06
2023-03-04 00:06:03.093724	47.2	5.0	11	0.2	0	0.329	0.06
2023-03-04 00:06:04.096325	48.2	5.2	11	0.2	0	0.329	0.06
2023-03-04 00:06:05.098920	49.2	5.3	11	0.3	0	0.329	0.06
2023-03-04 00:06:06.101534	50.2	5.4	10	0.2	0	0.329	0.08
2023-03-04 00:06:07.104202	51.2	5.5	11	0.2	0	0.329	0.08
2023-03-04 00:06:08.106785	52.2	5.6	11	0.2	0	0.344	0.08
2023-03-04 00:06:09.109448	53.2	5.7	11	0.3	0	0.344	0.08
2023-03-04 00:06:10.111800	54.2	5.8	11	0.3	0	0.344	0.08
2023-03-04 00:06:11.130442	55.2	5.9	10	0.2	0	0.344	0.081
2023-03-04 00:06:12.143894	56.3	6.0	13	0.2	0	0.345	0.101
2023-03-04 00:06:13.150682	57.3	6.1	10	0.2	0	0.361	0.101
2023-03-04 00:06:14.153295	58.3	6.2	11	0.2	0	0.361	0.101
2023-03-04 00:06:15.155911	59.3	6.4	11	0.3	0	0.361	0.101
2023-03-04 00:06:16.158456	60.3	6.5	11	0.2	0	0.361	0.101
2023-03-04 00:06:17.161020	61.3	6.6	9	0.2	0	0.361	0.121
2023-03-04 00:06:18.163607	62.3	6.7	12	0.2	0	0.361	0.121
2023-03-04 00:06:19.166160	63.3	6.8	10	0.2	0	0.377	0.121
2023-03-04 00:06:20.174322	64.3	6.9	12	0.3	0	0.377	0.121
2023-03-04 00:06:21.178141	65.3	7.0	11	0.3	0	0.377	0.121
2023-03-04 00:06:22.193245	66.3	7.1	10	0.2	0	0.377	0.121
2023-03-04 00:06:23.204857	67.3	7.2	12	0.2	0	0.377	0.141
2023-03-04 00:06:24.212653	68.3	7.3	11	0.2	0	0.392	0.141
2023-03-04 00:06:25.214847	69.3	7.4	10	0.2	0	0.392	0.141
2023-03-04 00:06:26.217550	70.3	7.5	11	0.2	0	0.392	0.141
2023-03-04 00:06:27.220327	71.3	7.7	11	0.2	0	0.392	0.141
2023-03-04 00:06:28.222894	72.3	7.8	10	0.2	0	0.393	0.161
2023-03-04 00:06:29.225125	73.3	7.9	11	0.2	0	0.393	0.161
2023-03-04 00:06:30.227719	74.3	8.0	11	0.2	0	0.408	0.161
2023-03-04 00:06:31.230537	75.3	8.1	9	0.2	0	0.408	0.161
2023-03-04 00:06:32.232846	76.4	8.2	10	0.3	0	0.408	0.161
2023-03-04 00:06:33.234997	77.4	8.3	10	0.2	0	0.408	0.161
2023-03-04 00:06:34.237646	78.4	8.4	9	0.2	0	0.408	0.181
2023-03-04 00:06:35.240170	79.4	8.5	10	0.2	0	0.408	0.181
2023-03-04 00:06:36.243879	80.4	8.5	4	0.2	0	0.408	0.181
2023-03-04 00:06:37.245896	81.4	8.6	9	0.2	0	0.424	0.181
2023-03-04 00:06:38.247872	82.4	8.7	10	0.3	0	0.424	0.181
2023-03-04 00:06:39.250445	83.4	8.8	9	0.3	0	0.424	0.181
2023-03-04 00:06:40.253708	84.4	8.9	11	0.2	0	0.424	0.181
2023-03-04 00:06:41.255724	85.4	9.0	8	0.2	0	0.424	0.201
2023-03-04 00:06:42.258819	86.4	9.1	10	0.2	0	0.424	0.201
2023-03-04 00:06:43.261032	87.4	9.2	9	0.2	0	0.44	0.201
2023-03-04 00:06:44.281422	88.4	9.3	10	0.2	0	0.44	0.201
2023-03-04 00:06:45.287994	89.4	9.4	11	0.3	0	0.44	0.201
2023-03-04 00:06:46.291142	90.4	9.5	10	0.2	0	0.44	0.201
2023-03-04 00:06:47.293261	91.4	9.6	9	0.2	0	0.44	0.221
2023-03-04 00:06:48.315607	92.4	9.7	9	0.2	0	0.44	0.221
2023-03-04 00:06:49.339585	93.5	9.8	10	0.2	0	0.457	0.221
2023-03-04 00:06:50.380587	94.5	9.8	10	0.2	0	0.457	0.221
2023-03-04 00:06:51.434832	95.6	9.9	10	0.2	0	0.457	0.221
2023-03-04 00:06:52.445925	96.6	10.0	9	0.3	0	0.457	0.221
2023-03-04 00:06:53.448969	97.6	10.1	9	0.2	0	0.457	0.242
2023-03-04 00:06:54.484158	98.6	10.2	11	0.2	0	0.457	0.242
2023-03-04 00:06:55.515817	99.6	10.3	10	0.2	0	0.474	0.242
2023-03-04 00:06:56.521299	100.6	10.4	10	0.2	0	0.474	0.242
2023-03-04 00:06:57.523977	101.6	10.5	10	0.2	0	0.474	0.242
2023-03-04 00:06:58.528028	102.6	10.6	9	0.3	0	0.474	0.242
2023-03-04 00:06:59.531107	103.6	10.7	9	0.4	0	0.506	0.242
2023-03-04 00:07:00.533974	104.7	10.8	9	0.2	0	0.509	0.262
2023-03-04 00:07:01.537015	105.7	10.9	10	0.2	0	0.509	0.262
2023-03-04 00:07:02.591157	106.7	11.0	9	0.2	0	0.525	0.262
2023-03-04 00:07:03.603260	107.7	11.1	10	0.2	0	0.525	0.262
2023-03-04 00:07:04.606175	108.7	11.2	10	0.3	0	0.525	0.262
2023-03-04 00:07:05.618960	109.7	11.3	10	0.2	0	0.525	0.262
2023-03-04 00:07:06.644315	110.8	11.4	9	0.2	0	0.528	0.282
2023-03-04 00:07:07.656956	111.8	11.5	10	0.2	0	0.528	0.282
2023-03-04 00:07:08.670721	112.8	11.6	9	0.2	0	0.544	0.282
2023-03-04 00:07:09.726659	113.8	11.7	9	0.2	0	0.544	0.282
2023-03-04 00:07:10.765377	114.9	11.8	10	0.2	0	0.545	0.282
2023-03-04 00:07:11.820411	115.9	11.9	9	0.3	0	0.545	0.282
2023-03-04 00:07:12.911977	117.0	12.0	8	0.4	0	0.548	0.282
2023-03-04 00:07:13.975945	118.1	12.1	9	0.2	0	0.549	0.302
2023-03-04 00:07:15.056138	119.2	12.2	10	0.2	0	0.552	0.302
2023-03-04 00:07:16.081393	120.2	12.2	7	0.2	0	0.63	0.302
2023-03-04 00:07:17.166786	121.3	12.3	9	0.2	0	0.631	0.302
2023-03-04 00:07:18.180255	122.3	12.4	10	0.2	0	0.631	0.302
2023-03-04 00:07:19.182338	123.3	12.5	9	0.3	0	0.631	0.302
2023-03-04 00:07:20.214647	124.3	12.6	9	0.2	0	0.632	0.321
2023-03-04 00:07:21.250120	125.4	12.7	9	0.2	0	0.632	0.322
2023-03-04 00:07:22.275852	126.4	12.8	10	0.2	0	0.636	0.322
2023-03-04 00:07:23.291010	127.4	12.9	9	0.2	0	0.652	0.322
2023-03-04 00:07:24.307799	128.4	13.0	11	0.2	0	0.652	0.322
2023-03-04 00:07:25.319740	129.4	13.1	9	0.3	0	0.652	0.322
2023-03-04 00:07:26.322749	130.4	13.2	9	0.2	0	0.653	0.322
2023-03-04 00:07:27.325608	131.4	13.3	10	0.2	0	0.655	0.342
2023-03-04 00:07:28.327658	132.4	13.4	9	0.2	0	0.655	0.342
2023-03-04 00:07:29.330084	133.4	13.5	10	0.2	0	0.671	0.342
2023-03-04 00:07:30.332821	134.5	13.6	11	0.2	0	0.671	0.342
2023-03-04 00:07:31.335731	135.5	13.7	10	0.3	0	0.671	0.342
2023-03-04 00:07:32.360130	136.5	13.8	9	0.3	0	0.671	0.342
2023-03-04 00:07:33.368891	137.5	13.9	10	0.2	0	0.671	0.362
2023-03-04 00:07:34.371641	138.5	14.0	9	0.2	0	0.671	0.362
2023-03-04 00:07:35.388769	139.5	14.1	10	0.2	0	0.687	0.362
2023-03-04 00:07:36.420457	140.5	14.2	9	0.2	0	0.687	0.362
2023-03-04 00:07:37.430483	141.5	14.3	10	0.2	0	0.687	0.362
2023-03-04 00:07:38.432805	142.6	14.4	9	0.3	0	0.687	0.362
2023-03-04 00:07:39.435561	143.6	14.5	10	0.2	0	0.687	0.382
2023-03-04 00:07:40.466505	144.6	14.6	10	0.2	0	0.687	0.382
2023-03-04 00:07:41.475948	145.6	14.6	9	0.2	0	0.703	0.382
2023-03-04 00:07:42.541456	146.7	14.8	10	0.2	0	0.703	0.382
2023-03-04 00:07:43.554114	147.7	14.8	9	0.2	0	0.703	0.382
2023-03-04 00:07:44.556594	148.7	14.9	10	0.3	0	0.703	0.382
2023-03-04 00:07:45.581243	149.7	15.0	9	0.4	0	0.703	0.382
2023-03-04 00:07:46.600857	150.7	15.1	10	0.2	0	0.705	0.403
2023-03-04 00:07:47.611943	151.7	15.2	10	0.2	0	0.705	0.403
2023-03-04 00:07:48.614859	152.7	15.3	10	0.2	0	0.72	0.403
2023-03-04 00:07:49.646627	153.8	15.4	9	0.3	0	0.72	0.403
2023-03-04 00:07:50.681993	154.8	15.5	10	0.3	0	0.72	0.403
2023-03-04 00:07:51.692382	155.8	15.6	10	0.2	0	0.72	0.403
2023-03-04 00:07:52.713240	156.8	15.7	9	0.2	0	0.72	0.423
2023-03-04 00:07:53.726499	157.8	15.8	10	0.2	0	0.72	0.423
2023-03-04 00:07:54.728593	158.8	15.9	9	0.2	0	0.736	0.423
2023-03-04 00:07:55.750249	159.9	16.0	11	0.2	0	0.736	0.423
2023-03-04 00:07:56.761486	160.9	16.1	10	0.3	0	0.736	0.423
2023-03-04 00:07:57.764326	161.9	16.2	9	0.2	0	0.736	0.423
2023-03-04 00:07:58.766415	162.9	16.3	10	0.2	0	0.736	0.443
2023-03-04 00:07:59.769002	163.9	16.4	9	0.2	0	0.736	0.443
2023-03-04 00:08:00.771687	164.9	16.5	9	0.2	0	0.751	0.443
2023-03-04 00:08:01.774242	165.9	16.6	9	0.2	0	0.751	0.443
2023-03-04 00:08:02.776978	166.9	16.7	10	0.2	0	0.751	0.443
2023-03-04 00:08:03.779194	167.9	16.8	10	0.3	0	0.751	0.443
2023-03-04 00:08:04.781383	168.9	16.9	10	0.2	0	0.751	0.463
2023-03-04 00:08:05.784231	169.9	17.0	9	0.2	0	0.751	0.463
2023-03-04 00:08:06.787421	170.9	17.1	10	0.2	0	0.768	0.463
2023-03-04 00:08:07.789468	171.9	17.1	9	0.2	0	0.768	0.463
2023-03-04 00:08:08.792062	172.9	17.2	10	0.2	0	0.768	0.463
2023-03-04 00:08:09.794737	173.9	17.4	10	0.3	0	0.768	0.463
2023-03-04 00:08:10.797256	174.9	17.4	8	0.6	0	0.768	0.463
2023-03-04 00:08:11.799874	175.9	17.5	11	0.2	0	0.768	0.483
2023-03-04 00:08:12.802360	176.9	17.6	8	0.2	0	0.768	0.483
2023-03-04 00:08:13.806748	177.9	17.7	11	0.2	0	0.784	0.483
2023-03-04 00:08:14.809468	178.9	17.8	10	0.2	0	0.784	0.483
2023-03-04 00:08:15.812098	179.9	17.9	10	0.3	0	0.784	0.483
2023-03-04 00:08:16.815087	180.9	18.0	9	0.2	0	0.784	0.483
2023-03-04 00:08:17.818102	181.9	18.1	9	0.2	0	0.784	0.503
2023-03-04 00:08:18.824239	182.9	18.2	10	0.2	0	0.784	0.503
2023-03-04 00:08:19.827403	183.9	18.3	10	0.2	0	0.801	0.503
2023-03-04 00:08:20.829991	184.9	18.4	10	0.2	0	0.801	0.503
2023-03-04 00:08:21.832631	186.0	18.5	10	0.3	0	0.801	0.503
2023-03-04 00:08:22.835202	187.0	18.6	9	0.2	0	0.802	0.503
2023-03-04 00:08:23.837791	188.0	18.7	9	0.2	0	0.802	0.523
2023-03-04 00:08:24.844068	189.0	18.8	10	0.2	0	0.802	0.523
2023-03-04 00:08:25.851766	190.0	18.9	9	0.2	0	0.818	0.523
2023-03-04 00:08:26.859193	191.0	19.0	10	0.2	0	0.818	0.523
2023-03-04 00:08:27.877865	192.0	19.1	10	0.2	0	0.818	0.523
2023-03-04 00:08:28.887446	193.0	19.2	10	0.3	0	0.818	0.523
2023-03-04 00:08:29.901438	194.0	19.3	9	0.2	0	0.818	0.544
2023-03-04 00:08:30.906896	195.0	19.4	9	0.2	0	0.818	0.544
2023-03-04 00:08:31.909571	196.0	19.5	11	0.2	0	0.833	0.544
2023-03-04 00:08:32.911293	197.0	19.6	11	0.2	0	0.833	0.544
2023-03-04 00:08:33.913451	198.0	19.7	9	0.2	0	0.833	0.544
2023-03-04 00:08:34.916758	199.0	19.8	11	0.2	0	0.833	0.544
2023-03-04 00:08:35.918907	200.0	19.9	10	0.2	0	0.834	0.564
2023-03-04 00:08:36.923573	201.0	20.0	12	0.2	0	0.834	0.564
