Date and time (UTC)	Real time (s)	CPU time (s)	CPU (%)	Memory (GB)	Memory (%)	Disk read (GB)	Disk write (GB)
2023-02-28 06:21:35.613290	1.0	0.1	0	0.0	0	0.166	0.0
2023-02-28 06:21:36.763505	2.2	0.2	8	0.0	0	0.295	0.0
2023-02-28 06:21:37.810236	3.2	0.4	18	0.1	0	0.345	0.0
2023-02-28 06:21:38.838277	4.3	0.6	20	0.2	0	0.421	0.0
2023-02-28 06:21:39.864489	5.3	0.9	29	0.2	0	0.435	0.003
2023-02-28 06:21:40.884942	6.3	1.0	10	0.2	0	0.458	0.003
2023-02-28 06:21:42.015803	7.4	1.2	19	0.2	0	0.478	0.003
2023-02-28 06:21:43.090591	8.5	1.4	18	0.2	0	0.504	0.003
2023-02-28 06:21:44.176539	9.6	1.5	10	0.2	0	0.595	0.003
2023-02-28 06:21:45.547106	11.0	1.8	24	0.2	0	0.643	0.003
2023-02-28 06:21:46.585023	12.0	2.0	18	0.2	0	0.655	0.008
2023-02-28 06:21:47.614841	13.0	2.2	24	0.2	0	0.668	0.008
2023-02-28 06:21:48.696992	14.1	2.6	30	0.2	0	0.673	0.008
2023-02-28 06:21:49.715722	15.1	2.8	24	0.2	0	0.679	0.008
2023-02-28 06:21:50.810595	16.2	3.0	20	0.2	0	0.687	0.008
2023-02-28 06:21:51.917760	17.3	3.3	22	0.2	0	0.697	0.008
2023-02-28 06:21:52.942785	18.4	3.5	20	0.2	0	0.706	0.008
2023-02-28 06:21:53.967409	19.4	3.8	30	0.2	0	0.708	0.008
2023-02-28 06:21:54.991965	20.4	4.1	34	0.2	0	0.709	0.008
2023-02-28 06:21:56.004387	21.4	4.5	34	0.2	0	0.709	0.008
2023-02-28 06:21:57.024649	22.5	4.8	32	0.2	0	0.71	0.008
2023-02-28 06:21:58.034979	23.5	5.2	32	0.2	0	0.711	0.008
2023-02-28 06:21:59.037416	24.5	5.5	34	0.2	0	0.711	0.008
2023-02-28 06:22:00.065843	25.5	5.9	35	0.2	0	0.712	0.008
2023-02-28 06:22:01.194627	26.6	6.2	29	0.2	0	0.714	0.008
2023-02-28 06:22:02.217069	27.6	6.5	34	0.2	0	0.715	0.008
2023-02-28 06:22:03.249100	28.7	6.9	34	0.2	0	0.715	0.008
2023-02-28 06:22:04.288987	29.7	7.2	34	0.2	0	0.716	0.008
2023-02-28 06:22:05.322460	30.8	7.6	33	0.2	0	0.716	0.008
2023-02-28 06:22:06.333700	31.8	7.9	32	0.2	0	0.716	0.008
2023-02-28 06:22:07.340563	32.8	8.2	35	0.2	0	0.716	0.008
2023-02-28 06:22:08.346217	33.8	8.6	33	0.2	0	0.716	0.008
2023-02-28 06:22:09.350535	34.8	8.9	34	0.2	0	0.716	0.008
2023-02-28 06:22:10.354717	35.8	9.3	34	0.2	0	0.716	0.008
2023-02-28 06:22:11.360211	36.8	9.6	33	0.2	0	0.716	0.008
2023-02-28 06:22:12.365165	37.8	9.9	33	0.2	0	0.716	0.008
2023-02-28 06:22:13.367692	38.8	10.4	43	0.2	0	0.716	0.008
2023-02-28 06:22:14.398517	39.8	10.7	34	0.2	0	0.716	0.008
2023-02-28 06:22:15.441749	40.9	11.0	32	0.2	0	0.716	0.008
2023-02-28 06:22:16.478143	41.9	11.4	32	0.2	0	0.719	0.008
2023-02-28 06:22:17.499357	42.9	11.7	32	0.2	0	0.723	0.008
2023-02-28 06:22:18.526895	44.0	12.0	29	0.3	0	0.766	0.008
2023-02-28 06:22:19.533858	45.0	12.2	21	0.2	0	0.82	0.013
2023-02-28 06:22:20.558389	46.0	12.5	32	0.2	0	0.821	0.013
2023-02-28 06:22:21.564758	47.0	12.9	34	0.2	0	0.821	0.013
2023-02-28 06:22:22.566961	48.0	13.2	33	0.2	0	0.821	0.013
2023-02-28 06:22:23.570021	49.0	13.5	33	0.2	0	0.821	0.013
2023-02-28 06:22:24.618897	50.0	13.9	33	0.2	0	0.822	0.013
2023-02-28 06:22:25.643202	51.1	14.2	34	0.2	0	0.822	0.013
2023-02-28 06:22:26.652355	52.1	14.6	34	0.2	0	0.822	0.013
2023-02-28 06:22:27.654789	53.1	14.9	34	0.2	0	0.822	0.013
2023-02-28 06:22:28.657295	54.1	15.3	34	0.2	0	0.822	0.013
2023-02-28 06:22:29.659801	55.1	15.6	36	0.2	0	0.823	0.013
2023-02-28 06:22:30.664269	56.1	16.0	33	0.2	0	0.824	0.013
2023-02-28 06:22:31.700206	57.1	16.3	33	0.2	0	0.824	0.013
2023-02-28 06:22:32.726947	58.2	16.7	35	0.2	0	0.825	0.013
2023-02-28 06:22:33.736577	59.2	17.1	39	0.2	0	0.825	0.013
2023-02-28 06:22:34.741216	60.2	17.4	33	0.2	0	0.825	0.013
2023-02-28 06:22:35.743657	61.2	17.7	35	0.2	0	0.825	0.013
2023-02-28 06:22:36.754710	62.2	18.1	35	0.2	0	0.826	0.013
2023-02-28 06:22:37.791091	63.2	18.4	35	0.2	0	0.827	0.013
2023-02-28 06:22:38.801640	64.2	18.8	33	0.2	0	0.827	0.013
2023-02-28 06:22:39.859800	65.3	19.1	34	0.2	0	0.828	0.013
2023-02-28 06:22:40.895079	66.3	19.5	32	0.2	0	0.831	0.013
2023-02-28 06:22:41.904965	67.3	19.8	35	0.2	0	0.831	0.013
2023-02-28 06:22:42.910053	68.3	20.2	35	0.2	0	0.831	0.013
2023-02-28 06:22:43.911613	69.3	20.5	34	0.2	0	0.831	0.013
2023-02-28 06:22:44.915179	70.3	20.9	37	0.2	0	0.831	0.013
2023-02-28 06:22:45.936727	71.4	21.4	49	0.2	0	0.831	0.013
2023-02-28 06:22:46.957799	72.4	21.9	49	0.2	0	0.831	0.013
2023-02-28 06:22:47.986930	73.4	22.4	51	0.2	0	0.832	0.013
2023-02-28 06:22:48.996215	74.4	22.9	48	0.2	0	0.832	0.013
2023-02-28 06:22:50.006837	75.4	23.4	47	0.2	0	0.834	0.013
2023-02-28 06:22:51.026826	76.5	23.8	38	0.3	0	0.877	0.013
2023-02-28 06:22:52.063010	77.5	24.0	27	0.2	0	0.887	0.018
2023-02-28 06:22:53.073963	78.5	24.5	44	0.2	0	0.888	0.018
2023-02-28 06:22:54.078789	79.5	25.0	49	0.2	0	0.889	0.018
2023-02-28 06:22:55.096024	80.5	25.5	49	0.2	0	0.889	0.018
2023-02-28 06:22:56.126796	81.6	25.9	47	0.2	0	0.89	0.018
2023-02-28 06:22:57.177666	82.6	26.5	48	0.2	0	0.89	0.018
2023-02-28 06:22:58.198766	83.6	26.9	47	0.2	0	0.892	0.018
2023-02-28 06:22:59.220636	84.6	27.4	45	0.2	0	0.894	0.018
2023-02-28 06:23:00.279912	85.7	27.9	47	0.2	0	0.894	0.018
2023-02-28 06:23:01.313400	86.7	28.4	46	0.2	0	0.896	0.018
2023-02-28 06:23:02.363446	87.8	28.9	47	0.2	0	0.898	0.018
2023-02-28 06:23:03.404624	88.8	29.4	48	0.2	0	0.898	0.018
2023-02-28 06:23:04.423509	89.9	29.9	49	0.2	0	0.898	0.018
2023-02-28 06:23:05.435501	90.9	30.3	44	0.2	0	0.9	0.018
2023-02-28 06:23:06.444085	91.9	30.8	48	0.2	0	0.901	0.018
2023-02-28 06:23:07.447963	92.9	31.3	49	0.2	0	0.901	0.018
2023-02-28 06:23:08.451557	93.9	31.8	49	0.2	0	0.901	0.018
2023-02-28 06:23:09.463290	94.9	32.3	49	0.2	0	0.901	0.018
2023-02-28 06:23:10.471404	95.9	32.8	51	0.2	0	0.901	0.018
2023-02-28 06:23:11.475374	96.9	33.3	48	0.2	0	0.902	0.018
2023-02-28 06:23:12.477882	97.9	33.6	39	0.3	0	0.953	0.019
2023-02-28 06:23:13.480442	98.9	34.0	38	0.2	0	0.954	0.023
2023-02-28 06:23:14.483989	99.9	34.5	45	0.2	0	0.957	0.024
2023-02-28 06:23:15.488884	100.9	35.0	49	0.2	0	0.957	0.024
2023-02-28 06:23:16.493810	101.9	35.5	50	0.2	0	0.957	0.024
2023-02-28 06:23:17.497803	102.9	36.0	50	0.2	0	0.957	0.024
2023-02-28 06:23:18.500346	103.9	36.5	48	0.2	0	0.957	0.024
2023-02-28 06:23:19.501930	104.9	37.0	51	0.2	0	0.957	0.024
2023-02-28 06:23:20.513450	105.9	37.5	50	0.2	0	0.957	0.024
2023-02-28 06:23:21.520440	106.9	38.0	50	0.2	0	0.957	0.024
2023-02-28 06:23:22.523826	108.0	38.5	50	0.2	0	0.957	0.024
2023-02-28 06:23:23.535515	109.0	39.0	50	0.2	0	0.957	0.024
2023-02-28 06:23:24.539371	110.0	39.5	50	0.2	0	0.957	0.024
2023-02-28 06:23:25.541635	111.0	40.0	50	0.2	0	0.957	0.024
2023-02-28 06:23:26.543464	112.0	40.5	49	0.2	0	0.957	0.024
2023-02-28 06:23:27.547116	113.0	41.0	50	0.2	0	0.957	0.024
2023-02-28 06:23:28.550396	114.0	41.5	51	0.2	0	0.957	0.024
2023-02-28 06:23:29.555179	115.0	42.0	49	0.2	0	0.957	0.024
2023-02-28 06:23:30.559276	116.0	42.4	50	0.2	0	0.957	0.024
2023-02-28 06:23:31.563332	117.0	42.9	48	0.2	0	0.959	0.024
2023-02-28 06:23:32.566128	118.0	43.3	35	0.6	0	0.999	0.027
2023-02-28 06:23:33.568599	119.0	43.7	46	0.2	0	0.999	0.029
2023-02-28 06:23:34.572193	120.0	44.2	47	0.2	0	1.0	0.029
2023-02-28 06:23:35.577152	121.0	44.7	49	0.2	0	1.001	0.029
2023-02-28 06:23:36.585055	122.0	45.2	50	0.2	0	1.001	0.029
2023-02-28 06:23:37.590014	123.0	45.7	50	0.2	0	1.001	0.029
2023-02-28 06:23:38.594067	124.0	46.2	50	0.2	0	1.001	0.029
2023-02-28 06:23:39.596629	125.0	46.7	49	0.2	0	1.001	0.029
2023-02-28 06:23:40.600129	126.0	47.2	50	0.2	0	1.001	0.029
2023-02-28 06:23:41.603949	127.0	47.7	50	0.2	0	1.001	0.029
2023-02-28 06:23:42.623284	128.0	48.2	50	0.2	0	1.001	0.029
2023-02-28 06:23:43.632434	129.1	48.7	50	0.2	0	1.001	0.029
2023-02-28 06:23:44.636482	130.1	49.2	50	0.2	0	1.001	0.029
2023-02-28 06:23:45.638070	131.1	49.7	50	0.2	0	1.001	0.029
2023-02-28 06:23:46.641518	132.1	50.2	49	0.2	0	1.001	0.029
2023-02-28 06:23:47.645167	133.1	50.7	50	0.2	0	1.001	0.029
2023-02-28 06:23:48.674183	134.1	51.2	49	0.2	0	1.001	0.029
2023-02-28 06:23:49.684642	135.1	51.7	50	0.2	0	1.001	0.029
2023-02-28 06:23:50.688545	136.1	52.2	51	0.2	0	1.001	0.029
2023-02-28 06:23:51.706726	137.1	52.7	48	0.2	0	1.001	0.029
2023-02-28 06:23:52.715845	138.1	53.2	50	0.2	0	1.001	0.029
2023-02-28 06:23:53.749963	139.2	53.7	48	0.2	0	1.002	0.029
2023-02-28 06:23:54.776305	140.2	54.2	49	0.2	0	1.003	0.029
2023-02-28 06:23:55.781805	141.2	54.7	49	0.2	0	1.003	0.029
2023-02-28 06:23:56.783701	142.2	55.2	50	0.2	0	1.003	0.029
2023-02-28 06:23:57.818038	143.2	55.7	49	0.2	0	1.003	0.029
2023-02-28 06:23:58.831976	144.3	56.2	50	0.2	0	1.003	0.029
2023-02-28 06:23:59.876060	145.3	56.7	50	0.2	0	1.003	0.029
2023-02-28 06:24:00.914215	146.3	57.2	49	0.2	0	1.003	0.029
2023-02-28 06:24:01.936424	147.4	57.7	49	0.2	0	1.003	0.029
2023-02-28 06:24:02.946634	148.4	58.2	49	0.2	0	1.003	0.029
2023-02-28 06:24:03.985220	149.4	58.8	50	0.2	0	1.003	0.029
2023-02-28 06:24:04.995965	150.4	59.2	49	0.2	0	1.003	0.029
2023-02-28 06:24:06.014642	151.4	59.7	47	0.2	0	1.005	0.029
2023-02-28 06:24:07.023040	152.5	60.2	46	0.2	0	1.006	0.029
2023-02-28 06:24:08.025556	153.5	60.6	44	0.3	0	1.047	0.029
2023-02-28 06:24:09.028051	154.5	61.0	36	0.2	0	1.047	0.034
2023-02-28 06:24:10.058928	155.5	61.5	46	0.2	0	1.049	0.034
2023-02-28 06:24:11.071774	156.5	62.0	48	0.2	0	1.05	0.034
2023-02-28 06:24:12.093657	157.5	62.5	50	0.2	0	1.05	0.034
2023-02-28 06:24:13.132220	158.6	63.0	47	0.2	0	1.051	0.034
2023-02-28 06:24:14.142732	159.6	63.5	49	0.2	0	1.051	0.034
2023-02-28 06:24:15.145306	160.6	64.0	50	0.2	0	1.052	0.034
2023-02-28 06:24:16.148300	161.6	64.5	49	0.2	0	1.052	0.034
2023-02-28 06:24:17.176615	162.6	64.9	48	0.2	0	1.052	0.034
2023-02-28 06:24:18.187005	163.6	65.4	49	0.2	0	1.052	0.034
2023-02-28 06:24:19.225944	164.7	65.9	49	0.2	0	1.053	0.034
2023-02-28 06:24:20.247599	165.7	66.4	48	0.2	0	1.053	0.034
2023-02-28 06:24:21.253734	166.7	66.9	49	0.2	0	1.053	0.034
2023-02-28 06:24:22.256208	167.7	67.4	50	0.2	0	1.053	0.034
2023-02-28 06:24:23.273290	168.7	67.9	49	0.2	0	1.053	0.034
2023-02-28 06:24:24.294590	169.7	68.4	49	0.2	0	1.053	0.034
2023-02-28 06:24:25.337760	170.8	68.9	44	0.2	0	1.058	0.034
2023-02-28 06:24:26.397944	171.8	69.3	36	0.2	0	1.096	0.039
2023-02-28 06:24:27.429420	172.9	69.7	43	0.2	0	1.103	0.039
2023-02-28 06:24:28.450280	173.9	70.2	48	0.2	0	1.104	0.039
2023-02-28 06:24:29.458390	174.9	70.7	49	0.2	0	1.104	0.039
2023-02-28 06:24:30.475203	175.9	71.2	50	0.2	0	1.104	0.039
2023-02-28 06:24:31.496121	176.9	71.7	49	0.2	0	1.104	0.039
2023-02-28 06:24:32.510955	177.9	72.2	50	0.2	0	1.104	0.039
2023-02-28 06:24:33.539595	179.0	72.7	49	0.2	0	1.104	0.039
2023-02-28 06:24:34.592755	180.0	73.2	48	0.2	0	1.104	0.039
2023-02-28 06:24:35.626388	181.1	73.7	48	0.2	0	1.105	0.039
2023-02-28 06:24:36.704322	182.1	74.2	49	0.2	0	1.106	0.039
2023-02-28 06:24:37.737771	183.2	74.8	49	0.2	0	1.106	0.039
2023-02-28 06:24:38.746913	184.2	75.3	49	0.2	0	1.106	0.039
2023-02-28 06:24:39.749383	185.2	75.8	51	0.2	0	1.106	0.039
2023-02-28 06:24:40.768162	186.2	76.3	48	0.2	0	1.106	0.039
2023-02-28 06:24:41.809668	187.2	76.8	47	0.2	0	1.109	0.039
2023-02-28 06:24:42.841196	188.3	77.1	31	0.2	0	1.124	0.039
